{"object":{"uuid":"3AB5A50F-1C9A-4597-A73A-228B3B36BB01","type":"Scene","name":"Personal website canvas","userData":{"rgb":{"r":30,"g":30,"b":30},"alpha":1,"directionalLightState":false,"ambientLightState":false,"shadowsState":false,"wireframeState":false,"canvasMode":1,"canvasFullScreen":true,"canvasCustomSize":{"width":512,"height":512},"fogEnable":false,"fogColor":{"r":0.11764705882352941,"g":0.11764705882352941,"b":0.11764705882352941},"fogUseBGColor":false,"fogNear":0,"fogFar":1240},"layers":1,"matrix":[1,0,0,0,0,1,0,0,0,0,1,0,0,0,0,1],"children":[{"uuid":"DEB79904-6A60-4AD4-8729-4A740A5DC125","type":"Mesh","name":"Rectangle","castShadow":true,"receiveShadow":true,"userData":{"isEntity":true,"lock":false,"scaleLock":false,"hiddenMatrix":{"elements":[1,0,0,0,0,1,0,0,0,0,1,0,0,0,0,1]},"type":"Mesh2D","positionToCenter":{"x":0,"y":0.5,"z":0}},"layers":1,"matrix":[1,0,0,0,0,2.220446049250313e-16,-1,0,0,1,2.220446049250313e-16,0,-594.3208215831507,-150,783.4338182195279,1],"geometry":"4F9CFE07-99B4-4A51-9A03-199BB4150C10","material":"52A4FA33-595C-479F-9FCC-01FC733DCCD9","interaction":{"uuid":"20461741-748B-40DE-B911-AB033A813640"}},{"uuid":"D9BA1839-41AB-4517-9938-2722FCCCB94B","type":"PerspectiveCamera","name":"Default Camera","userData":{"type":"CombinedCamera","lock":false,"scaleLock":false,"activeCamera":true,"hiddenMatrix":{"elements":[1,0,0,0,0,1,0,0,0,0,1,0,0,0,0,1]},"isDefaultCamera":true},"layers":1,"matrix":[0.9999999999999999,0,-4.394751610120503e-9,0,1.0404206164663182e-17,1,2.367416201794827e-9,0,4.394751610120503e-9,-2.3674162017948265e-9,0.9999999999999999,0,0.000004394751610120503,-0.0000023674162017948263,1000,1],"children":[{"uuid":"049A294D-780D-4964-B3CD-9193CC848191","type":"DirectionalLight","name":"Default Directional Light","visible":false,"userData":{"isDefaultDirectionalLight":true},"layers":1,"matrix":[1,0,0,0,0,1,0,0,0,0,1,0,850000,1300000,1000000,1],"color":16777215,"intensity":0.75,"shadow":{"camera":{"uuid":"A77EF15E-1D09-4331-8C56-B609FB460245","type":"OrthographicCamera","layers":1,"zoom":1,"left":-5,"right":5,"top":5,"bottom":-5,"near":0.5,"far":500}}}],"left":-960,"right":960,"top":508,"bottom":-508,"zoomOrtho":1,"nearOrtho":-50000,"far":100000,"aspect":1.889763779527559,"fov":45,"focus":10,"filmGauge":35,"filmOffset":0,"zoomPersp":1,"nearPersp":50,"isPerspectiveCamera":true,"targetOffset":1000,"enableHelper":false,"interaction":{"uuid":"6375B069-DF97-4DBB-AA5E-10E7C19E593D"}},{"uuid":"2E128FCD-647D-4542-AA82-B7DA1B5CF595","type":"HemisphereLight","name":"Default Ambient Light","visible":false,"userData":{"isDefaultHemisphereLight":true},"layers":1,"matrix":[1,0,0,0,0,1,0,0,0,0,1,0,0,1,0,1],"color":13882323,"intensity":0.75,"groundColor":8553090},{"uuid":"72B0A588-266D-4E09-A741-2F3211EE8833","type":"Mesh","name":"Lathe copy 11","castShadow":true,"receiveShadow":true,"userData":{"isEntity":true,"lock":false,"scaleLock":false,"hiddenMatrix":{"elements":[-0.8746197071393963,0,-0.4848096202463378,0,0,1,0,0,0.4848096202463378,0,-0.8746197071393963,0,5936.748163947652,-526.755901328931,-5094.169108859949,1]},"type":"Mesh3D","positionToCenter":{"x":0,"y":0,"z":0}},"layers":1,"matrix":[3.0000000000000004,0,4.440892098500625e-16,0,0,3,0,0,-4.440892098500625e-16,0,3.0000000000000004,0,5022.830000000002,487.24661774086235,-5627.9400000000005,1],"geometry":"CBDAB38A-F578-43E4-986C-84228E51BF01","material":"595E0980-E941-437F-8721-293C0C42A545","interaction":{"uuid":"17DB888D-A190-49EF-A036-A632A04EC88D"}},{"uuid":"C80125AB-F61C-45E5-A365-46FC624C0E28","type":"Mesh","name":"Lathe copy 11","castShadow":true,"receiveShadow":true,"userData":{"isEntity":true,"lock":false,"scaleLock":false,"hiddenMatrix":{"elements":[0.9986295347545753,0,-0.052335956242944306,0,0,1,0,0,0.052335956242944306,0,0.9986295347545753,0,5906.349602784843,-535.9674315188538,-2674.886235411238,1]},"type":"Mesh3D","positionToCenter":{"x":0,"y":0.5,"z":0}},"layers":1,"matrix":[2.9999999999999996,0,-1.3877787807814455e-15,0,0,3,0,0,1.3877787807814455e-15,0,2.9999999999999996,0,-6158.085603395649,488.18354559296034,439.6587499150753,1],"geometry":"1334FA58-1686-405E-BB92-0E7BD0804A4D","material":"6AE5B381-6920-4CF2-99CE-955FCB5E83C8","interaction":{"uuid":"A4661386-9AF7-4963-A68E-4BD619795239","events":[{"type":0,"ui":{"isCollapsed":false},"targets":[{"easing":4,"duration":1000,"delay":0,"cubicControls":[0.5,0.05,0.1,0.3],"springParameters":{"mass":1,"stiffness":80,"damping":10,"velocity":0},"repeat":false,"cycle":false,"rewind":false,"object":"C80125AB-F61C-45E5-A365-46FC624C0E28"}]}]}},{"uuid":"9DA249DE-4F95-4B4C-B386-808B30A9AC5F","type":"Mesh","name":"Lathe copy 11","castShadow":true,"receiveShadow":true,"userData":{"isEntity":true,"lock":false,"scaleLock":false,"hiddenMatrix":{"elements":[-0.3420201433256694,0,-0.9396926207859098,0,0,1,0,0,0.9396926207859098,0,-0.3420201433256694,0,6207.965538228134,-535.9667752662376,-1967.8653216816622,1]},"type":"Mesh3D","positionToCenter":{"x":0,"y":0,"z":0}},"layers":1,"matrix":[3.0000000000000004,0,8.88178419700125e-16,0,0,3,0,0,-8.88178419700125e-16,0,3.0000000000000004,0,2685.2290422500796,488.18354559295926,-6490.528141696101,1],"geometry":"547D77EE-BB1F-4A32-ADF7-2C6ACB22703D","material":"B38AD291-D5E5-4CBC-854C-C00FD04890DB","interaction":{"uuid":"DFF18E3B-8A25-4CA1-A8E7-E00E0623B12C"}},{"uuid":"437D0FE3-E262-4916-BFA5-BC6AD1D34394","type":"Mesh","name":"Lathe copy 11","castShadow":true,"receiveShadow":true,"userData":{"isEntity":true,"lock":false,"scaleLock":false,"hiddenMatrix":{"elements":[0.9986295347545753,0,-0.052335956242944306,0,0,1,0,0,0.052335956242944306,0,0.9986295347545753,0,5936.004430949351,-534.4670355136182,-2597.281276587867,1]},"type":"Mesh3D","positionToCenter":{"x":0,"y":0,"z":0}},"layers":1,"matrix":[2.9999999999999987,0,8.326672684688674e-17,0,0,3,0,0,-8.326672684688674e-17,0,2.9999999999999987,0,-6688.2341284518025,488.1835455929596,489.3620690638859,1],"geometry":"DED27C2C-E3F5-424B-BC58-EE395BCEA65F","material":"209C79EC-A033-4CFF-9C2E-A75D3F6FF03D","interaction":{"uuid":"98742BB2-8619-43E5-B243-69AEBF9F4C94"}},{"uuid":"3755F3A6-442F-4CD9-984C-08733FDD5135","type":"Mesh","name":"Lathe copy 11","castShadow":true,"receiveShadow":true,"userData":{"isEntity":true,"lock":false,"scaleLock":false,"hiddenMatrix":{"elements":[-0.3420201433256694,0,-0.9396926207859098,0,0,1,0,0,0.9396926207859098,0,-0.3420201433256694,0,6414.723994346536,-532.9668859852084,-1556.8472053455162,1]},"type":"Mesh3D","positionToCenter":{"x":0,"y":0,"z":0}},"layers":1,"matrix":[2.9999999999999996,0,4.440892098500626e-16,0,0,3,0,0,-4.440892098500626e-16,0,2.9999999999999996,0,3040.7896062039144,488.18354559295915,-6967.994112874646,1],"geometry":"1CD1A753-B850-4135-962F-9ECDDEBA7797","material":"A50CA513-B245-4C07-8711-7B90C17DB676","interaction":{"uuid":"CC2A4720-E1B7-43E5-942A-14AF977BD986"}},{"uuid":"AB83A191-19E6-4BC2-8B02-7D559D9D8158","type":"Mesh","name":"Lathe copy 11","castShadow":true,"receiveShadow":true,"userData":{"isEntity":true,"lock":false,"scaleLock":false,"hiddenMatrix":{"elements":[-0.5735764363510472,0,-0.8191520442889931,0,0,1,0,0,0.8191520442889931,0,-0.5735764363510472,0,4159.737536269968,-528.2176029504142,-1968.8720362782851,1]},"type":"Mesh3D","positionToCenter":{"x":0,"y":0,"z":0}},"layers":1,"matrix":[3,0,2.220446049250313e-16,0,0,3,0,0,-2.220446049250313e-16,0,3,0,3083.7231793335727,491.18376879783995,-2849.4979218041553,1],"geometry":"59D0372E-2320-4608-8797-42C5A5B9671F","material":"693FE58F-9B28-443F-AEFC-F68752BEB291","interaction":{"uuid":"3CC8AC13-0F06-4C43-9E1E-DA3F768564C7"}},{"uuid":"C9F239E9-DB51-4BBA-9133-B3BA38DC3D1C","type":"Mesh","name":"Lathe copy 11","castShadow":true,"receiveShadow":true,"userData":{"isEntity":true,"lock":false,"scaleLock":false,"hiddenMatrix":{"elements":[-0.6156614753256593,0,0.7880107536067232,0,0,1,0,0,-0.7880107536067232,0,-0.6156614753256593,0,5094.953175077697,-523.7173797455367,-2788.869366060459,1]},"type":"Mesh3D","positionToCenter":{"x":0,"y":0,"z":0}},"layers":1,"matrix":[3,0,-8.881784197001252e-16,0,0,3,0,0,8.881784197001252e-16,0,3,0,3601.9814373945405,488.18354559296034,4279.617382530256,1],"geometry":"2B188B87-22C2-403F-86C2-62DBD8A62988","material":"EA5EA313-2537-4BD4-A386-A5B5D759B48D","interaction":{"uuid":"8C2AF7E0-FA3F-4101-8CDE-94C7CAF8EEA3"}},{"uuid":"1F5C2CF5-6393-4CB4-8032-8E61EEA10922","type":"Mesh","name":"Lathe copy 10","castShadow":true,"receiveShadow":true,"userData":{"isEntity":true,"lock":false,"scaleLock":false,"hiddenMatrix":{"elements":[-0.9975640502598252,0,0.069756473744126,0,0,1,0,0,-0.069756473744126,0,-0.9975640502598252,0,1061.6654780238132,-1988.9335496794552,1030.9999418529171,1]},"type":"Mesh3D","positionToCenter":{"x":0,"y":0.5,"z":0}},"layers":1,"matrix":[2.999999999999997,0,-1.3877787807814457e-16,0,0,3,0,0,1.3877787807814457e-16,0,2.999999999999997,0,1842.073247732477,2012.8138767283424,-3286.4314204397488,1],"geometry":"1778C078-B4ED-4212-B33A-87500643A1C1","material":"07265F8E-E525-4B95-BEA1-31A4AE226666","interaction":{"uuid":"B6E8A718-CC5B-4BDC-AA27-5231D6188086","events":[{"type":0,"ui":{"isCollapsed":false},"targets":[{"easing":4,"duration":1000,"delay":0,"cubicControls":[0.5,0.05,0.1,0.3],"springParameters":{"mass":1,"stiffness":80,"damping":10,"velocity":0},"repeat":false,"cycle":false,"rewind":false,"object":"1F5C2CF5-6393-4CB4-8032-8E61EEA10922"}]}]}},{"uuid":"33FFBB38-EDBF-4A24-BAC5-DCA1EF38A0B6","type":"Mesh","name":"Lathe copy 10","castShadow":true,"receiveShadow":true,"userData":{"isEntity":true,"lock":false,"scaleLock":false,"hiddenMatrix":{"elements":[-0.5150380749100542,0,0.8571673007021124,0,0,1,0,0,-0.8571673007021124,0,-0.5150380749100542,0,-1021.6972139577989,-1652.7853678309696,-451.4219480008069,1]},"type":"Mesh3D","positionToCenter":{"x":0,"y":0,"z":0}},"layers":1,"matrix":[2.9999999999999973,0,-1.1102230246251565e-15,0,0,3,0,0,1.1102230246251565e-15,0,2.9999999999999973,0,3588.878992190003,1680.900942756798,-2903.39690131676,1],"geometry":"D83A7058-BBE3-4B42-B6A4-5E21E6580A10","material":"4303B331-7D5E-450C-9FF2-3D122BCDA48B","interaction":{"uuid":"22F337DC-A925-4DBF-85F2-5A61F819BF22"}},{"uuid":"7426C00A-C270-4176-AD4B-B8AB38F58F41","type":"Mesh","name":"Lathe copy 10","castShadow":true,"receiveShadow":true,"userData":{"isEntity":true,"lock":false,"scaleLock":false,"hiddenMatrix":{"elements":[-0.017452406437284438,0,-0.9998476951563922,0,0,1,0,0,0.9998476951563922,0,-0.017452406437284438,0,1395.0510032461793,-1661.9968980208923,-336.6101501557746,1]},"type":"Mesh3D","positionToCenter":{"x":0,"y":0,"z":0}},"layers":1,"matrix":[3.0000000000000004,0,-1.40165656858926e-15,0,0,3,0,0,1.40165656858926e-15,0,3.0000000000000004,0,-3246.2923694693736,1663.0026929434537,-1303.279437068377,1],"geometry":"0E68F4A8-FADC-4D41-AA7A-BFBC30832065","material":"319F3EFB-5933-4BF3-B128-DD5060CA7A93","interaction":{"uuid":"BB51D437-F3C7-468C-8BFE-529E6FE0D225","events":[{"type":0,"ui":{"isCollapsed":false},"targets":[{"easing":4,"duration":1000,"delay":0,"cubicControls":[0.5,0.05,0.1,0.3],"springParameters":{"mass":1,"stiffness":80,"damping":10,"velocity":0},"repeat":false,"cycle":false,"rewind":false,"object":"7426C00A-C270-4176-AD4B-B8AB38F58F41"}]}]}},{"uuid":"8B1D0F15-43A4-4EE8-8EEA-21FA08524F16","type":"Mesh","name":"Lathe copy 10","castShadow":true,"receiveShadow":true,"userData":{"isEntity":true,"lock":false,"scaleLock":false,"hiddenMatrix":{"elements":[-0.9510565162951543,0,0.3090169943749483,0,0,1,0,0,-0.3090169943749483,0,-0.9510565162951543,0,2112.1674632826,-1661.9962417682761,-613.3676752732822,1]},"type":"Mesh3D","positionToCenter":{"x":0,"y":0,"z":0}},"layers":1,"matrix":[3,0,3.3306690738754696e-16,0,0,3,0,0,-3.3306690738754696e-16,0,3,0,3500.6831682087904,1663.002692943453,-3196.3806147567184,1],"geometry":"E612C3ED-3A59-46A2-8FC1-C8E83CD9BDD4","material":"7794C7E2-8A81-4B70-85FE-33F165D77933","interaction":{"uuid":"7E512B53-FA35-43B8-B725-8F5786217F2C"}},{"uuid":"EF60B302-2DBC-4753-9366-B4187FF88674","type":"Mesh","name":"Lathe copy 10","castShadow":true,"receiveShadow":true,"userData":{"isEntity":true,"lock":false,"scaleLock":false,"hiddenMatrix":{"elements":[-0.017452406437284438,0,-0.9998476951563922,0,0,1,0,0,0.9998476951563922,0,-0.017452406437284438,0,1473.6436258031904,-1660.4965020156567,-363.5385393956599,1]},"type":"Mesh3D","positionToCenter":{"x":0,"y":0,"z":0}},"layers":1,"matrix":[3.0000000000000004,0,0,0,0,3,0,0,0,0,3.0000000000000004,0,-3776.4408945255277,1663.0026929434523,-1253.5761179195667,1],"geometry":"C2649ACE-71C9-413A-8D21-D672E0970AB8","material":"D7FDA09A-1F70-4F78-B46A-7AF867B0F5B3","interaction":{"uuid":"6018BB5C-2665-40BB-A89A-83B35FA1CDA7"}},{"uuid":"862AAB4E-470F-4368-A75C-4F356093F8ED","type":"Mesh","name":"Lathe copy 10","castShadow":true,"receiveShadow":true,"userData":{"isEntity":true,"lock":false,"scaleLock":false,"hiddenMatrix":{"elements":[-0.9510565162951543,0,0.3090169943749483,0,0,1,0,0,-0.3090169943749483,0,-0.9510565162951543,0,2309.195977644995,-1661.9964261637147,-552.641073605269,1]},"type":"Mesh3D","positionToCenter":{"x":0,"y":0,"z":0}},"layers":1,"matrix":[3,0,2.220446049250313e-16,0,0,3,0,0,-2.220446049250313e-16,0,3,0,3564.5182039367087,1663.0026929434532,-3921.7638575702886,1],"geometry":"B22C137E-7D20-4FFF-85FE-D5E2EB1A9468","material":"37E7083B-A116-4202-B152-D721270C2030","interaction":{"uuid":"CAFC02BD-3D17-47CF-AA56-BB4764A5593A"}},{"uuid":"7324029D-7F8A-4D91-8E5E-BD6B8924E1BF","type":"Mesh","name":"Lathe copy 10","castShadow":true,"receiveShadow":true,"userData":{"isEntity":true,"lock":false,"scaleLock":false,"hiddenMatrix":{"elements":[-0.9510565162951543,0,0.3090169943749483,0,0,1,0,0,-0.3090169943749483,0,-0.9510565162951543,0,2530.1509645451297,-1658.996352487247,-805.6558543308993,1]},"type":"Mesh3D","positionToCenter":{"x":0,"y":0,"z":0}},"layers":1,"matrix":[3.0000000000000018,0,7.771561172376097e-16,0,0,3,0,0,-7.771561172376097e-16,0,3.0000000000000018,0,3856.2437321626294,1663.002692943453,-3673.8465859352577,1],"geometry":"EFC5A571-50A2-450E-9F3C-9D504CC18AF8","material":"ECAB23AB-8376-4D50-87B4-72B8022A47E9","interaction":{"uuid":"3FDE0DF4-11A7-43C3-B2D9-C8EE1A2FA1A0"}},{"uuid":"0E271819-CA18-4F2E-BDB6-3109260EED34","type":"Mesh","name":"Lathe copy 10","castShadow":true,"receiveShadow":true,"userData":{"isEntity":true,"lock":false,"scaleLock":false,"hiddenMatrix":{"elements":[-0.8386705679454246,0,0.5446390350150282,0,0,1,0,0,-0.5446390350150282,0,-0.8386705679454246,0,2252.104633845986,-1652.7473917812208,1184.377049557156,1]},"type":"Mesh3D","positionToCenter":{"x":0,"y":0,"z":0}},"layers":1,"matrix":[2.999999999999999,0,2.220446049250313e-16,0,0,3,0,0,-2.220446049250313e-16,0,2.999999999999999,0,4021.3401541699104,1663.0026929434523,-681.1176737799651,1],"geometry":"E4BD6C09-F8E2-423A-97BB-0DB809E26986","material":"2761D83E-A129-41AF-B4F9-772B34FB34AD","interaction":{"uuid":"69080609-1FAA-4732-86A2-7A185DF4D604","events":[{"type":0,"ui":{"isCollapsed":false},"targets":[{"easing":4,"duration":1000,"delay":0,"cubicControls":[0.5,0.05,0.1,0.3],"springParameters":{"mass":1,"stiffness":80,"damping":10,"velocity":0},"repeat":false,"cycle":false,"rewind":false,"object":"0E271819-CA18-4F2E-BDB6-3109260EED34"}]}]}},{"uuid":"79F77E38-7889-48EE-9375-A41FF1E09188","type":"Mesh","name":"Lathe copy 10","castShadow":true,"receiveShadow":true,"userData":{"isEntity":true,"lock":false,"scaleLock":false,"hiddenMatrix":{"elements":[-0.8386705679454246,0,0.5446390350150282,0,0,1,0,0,-0.5446390350150282,0,-0.8386705679454246,0,2039.679235549001,-1654.2470694524527,1433.577467694613,1]},"type":"Mesh3D","positionToCenter":{"x":0,"y":0,"z":0}},"layers":1,"matrix":[2.999999999999999,0,2.220446049250313e-16,0,0,3,0,0,-2.220446049250313e-16,0,2.999999999999999,0,3018.8032624017887,1666.0029161483317,543.4593082784088,1],"geometry":"B2A8B561-D134-4E6C-BB77-C0B054B8C5F6","material":"3C401286-3A51-4742-BA7E-FDF9DFE0E2CB","interaction":{"uuid":"DAD089FA-225F-45E3-AE7D-888E19C5BEE0"}},{"uuid":"F125C1AF-013C-495D-AFAB-7A45768072CA","type":"Mesh","name":"Lathe copy 10","castShadow":true,"receiveShadow":true,"userData":{"isEntity":true,"lock":false,"scaleLock":false,"hiddenMatrix":{"elements":[0.766044443118979,0,0.6427876096865397,0,0,1,0,0,-0.6427876096865397,0,0.766044443118979,0,1584.4769882678252,-1652.746919924043,523.6170924132516,1]},"type":"Mesh3D","positionToCenter":{"x":0,"y":0,"z":0}},"layers":1,"matrix":[3,0,-2.220446049250313e-16,0,0,3,0,0,2.220446049250313e-16,0,3,0,-73.46180654032537,1663.0026929434514,3640.587840592674,1],"geometry":"AEAC57F2-FE3A-47DD-AC03-E499DE57B8AB","material":"C5F5D5E4-7D06-4476-8C43-DB34EA2C8137","interaction":{"uuid":"E95381B2-DADF-4695-996F-E4EA93E60636"}},{"uuid":"20A39F45-2422-4656-AB40-DD0638A65F4C","type":"Mesh","name":"Lathe copy 10","castShadow":true,"receiveShadow":true,"userData":{"isEntity":true,"lock":false,"scaleLock":false,"hiddenMatrix":{"elements":[0.766044443118979,0,0.6427876096865397,0,0,1,0,0,-0.6427876096865397,0,0.766044443118979,0,1252.8199810872416,-1649.7468462475754,470.31404287857526,1]},"type":"Mesh3D","positionToCenter":{"x":0,"y":0,"z":0}},"layers":1,"matrix":[3,0,-2.220446049250313e-16,0,0,3,0,0,2.220446049250313e-16,0,3,0,376.2610482712266,1663.0026929434528,3075.4287906886743,1],"geometry":"C50BF77D-2B2C-4EEF-A01C-E9E22CA9AC9B","material":"B2080025-10CF-4624-A445-8CF3C79473B3","interaction":{"uuid":"5583E2E1-ECED-445B-87C1-CE7E7DABDD9A"}},{"uuid":"AD565DD4-2AA2-4150-B787-313F22C50AFE","type":"Mesh","name":"Lathe copy 9","castShadow":true,"receiveShadow":true,"userData":{"isEntity":true,"lock":false,"scaleLock":false,"hiddenMatrix":{"elements":[-0.0697564737441252,0,0.9975640502598259,0,0,1,0,0,-0.9975640502598259,0,-0.0697564737441252,0,-7624.285127718073,-832.6632449801872,-2974.7313623613118,1]},"type":"Mesh3D","positionToCenter":{"x":0,"y":0,"z":0}},"layers":1,"matrix":[2.9999999999999964,0,-1.5265566588595898e-16,0,0,3,0,0,1.5265566588595898e-16,0,2.9999999999999964,0,1265.503165891445,837.9947293778501,-6066.706971189931,1],"geometry":"33D4101B-3A3A-4618-89C4-8C27A0FB3AEF","material":"4E82D93B-3B79-47F8-8955-F9469E2C78F1","interaction":{"uuid":"DC61A92F-8ABD-4D14-BFBE-DF44600BA7E0","selectedState":0,"states":["74BF141E-B336-46A7-A723-C60A364DC436"],"events":[{"type":0,"ui":{"isCollapsed":false},"targets":[{"easing":4,"duration":1000,"delay":0,"cubicControls":[0.5,0.05,0.1,0.3],"springParameters":{"mass":1,"stiffness":80,"damping":10,"velocity":0},"repeat":false,"cycle":false,"rewind":false,"object":"AD565DD4-2AA2-4150-B787-313F22C50AFE"}]}]}},{"uuid":"EB1304CB-AFF1-4E3C-9A25-693AFE782179","type":"Mesh","name":"Lathe copy 9","castShadow":true,"receiveShadow":true,"userData":{"isEntity":true,"lock":false,"scaleLock":false,"hiddenMatrix":{"elements":[0.9743700647852368,0,-0.2249510543438653,0,0,1,0,0,0.2249510543438653,0,0.9743700647852368,0,-8362.793750783298,-832.662588727571,-2761.5278008933037,1]},"type":"Mesh3D","positionToCenter":{"x":0,"y":0,"z":0}},"layers":1,"matrix":[3.000000000000003,0,5.551115123125783e-16,0,0,3.0000000000000018,0,0,-5.551115123125783e-16,0,3.000000000000003,0,6672.6124525781,837.9947293778524,3035.508879953997,1],"geometry":"D52FF206-32B0-4FB6-B357-192916817A14","material":"491F3E10-3AB1-49AC-9759-AF70A482B48E","interaction":{"uuid":"EA77F8B6-D3F7-4D26-A8F2-7FA461B77533"}},{"uuid":"3F46E402-DA24-4C1A-BC38-66062D6FC68B","type":"Mesh","name":"Lathe copy 9","castShadow":true,"receiveShadow":true,"userData":{"isEntity":true,"lock":false,"scaleLock":false,"hiddenMatrix":{"elements":[-0.03489949670250127,0,-0.9993908270190964,0,0,1,0,0,0.9993908270190964,0,-0.03489949670250127,0,-9586.638405903701,-505.7650412285512,-1974.7473507394632,1]},"type":"Mesh3D","positionToCenter":{"x":0,"y":0,"z":0}},"layers":1,"matrix":[2.999999999999999,0,-1.9984014443252818e-15,0,0,3,0,0,1.9984014443252818e-15,0,2.999999999999999,0,-678.3370234048903,506.08179540630675,8069.701289859142,1],"geometry":"9D80D00D-A9C2-4BC3-A814-C7FADBAE1A57","material":"E05F27F3-7663-4A85-ADEC-EE40B25F831C","interaction":{"uuid":"7D0F0533-63F1-4009-A927-4C8FEA95A173","events":[{"type":0,"ui":{"isCollapsed":false},"targets":[{"easing":4,"duration":1000,"delay":0,"cubicControls":[0.5,0.05,0.1,0.3],"springParameters":{"mass":1,"stiffness":80,"damping":10,"velocity":0},"repeat":false,"cycle":false,"rewind":false,"object":"3F46E402-DA24-4C1A-BC38-66062D6FC68B"}]}]}},{"uuid":"E6BCAE6D-62A6-4C2C-86E3-37A2D03618E6","type":"Mesh","name":"Lathe copy 9","castShadow":true,"receiveShadow":true,"userData":{"isEntity":true,"lock":false,"scaleLock":false,"hiddenMatrix":{"elements":[-0.9455185755993174,0,0.32556815445715687,0,0,1,0,0,-0.32556815445715687,0,-0.9455185755993174,0,-8874.461250990504,-505.764384975935,-2263.9781322688104,1]},"type":"Mesh3D","positionToCenter":{"x":0,"y":0,"z":0}},"layers":1,"matrix":[2.9999999999999987,0,0,0,0,3,0,0,0,0,2.9999999999999987,0,-6106.09712464744,506.0817954063065,-3584.672965046034,1],"geometry":"CCE9E9F3-1711-47D4-838E-3C66AA7291E7","material":"EA3A298D-19EF-4AC3-A2FC-A51FCB34E9B9","interaction":{"uuid":"7E12BA7B-05E1-421F-94F1-83CE13DF6F58"}},{"uuid":"06BB6212-6A95-402D-B457-7FC5E2798719","type":"Mesh","name":"Lathe copy 9","castShadow":true,"receiveShadow":true,"userData":{"isEntity":true,"lock":false,"scaleLock":false,"hiddenMatrix":{"elements":[-0.03489949670250127,0,-0.9993908270190964,0,0,1,0,0,0.9993908270190964,0,-0.03489949670250127,0,-9690.837687451542,-507.26471889978313,-2285.1791596225576,1]},"type":"Mesh3D","positionToCenter":{"x":0,"y":0,"z":0}},"layers":1,"matrix":[3.000000000000001,0,-2.220446049250313e-16,0,0,3,0,0,2.220446049250313e-16,0,3.000000000000001,0,-1583.959785262528,509.08201861118573,8151.31113315487,1],"geometry":"A27DC88F-2359-4FA0-A0CD-99BF536E8636","material":"36241BE2-13D7-4A4C-A9CD-D35A52D6D93F","interaction":{"uuid":"63DD3C6D-A826-4920-BE1B-FBFDE8D31F02"}},{"uuid":"D147BCB6-C906-4917-A236-7D905B374A2A","type":"Mesh","name":"Lathe copy 9","castShadow":true,"receiveShadow":true,"userData":{"isEntity":true,"lock":false,"scaleLock":false,"hiddenMatrix":{"elements":[-0.03489949670250127,0,-0.9993908270190964,0,0,1,0,0,0.9993908270190964,0,-0.03489949670250127,0,-9508.527718577494,-504.2646452233155,-2003.0432690470732,1]},"type":"Mesh3D","positionToCenter":{"x":0,"y":0,"z":0}},"layers":1,"matrix":[3.0000000000000013,0,-3.8857805861880484e-16,0,0,3,0,0,3.8857805861880484e-16,0,3.0000000000000013,0,-1207.7409154108288,502.50112928181704,8575.669543703923,1],"geometry":"3E4DED33-C61B-42F0-8D3F-6A652CC44F83","material":"CB0299AC-426B-4088-BB6E-3139F11875C8","interaction":{"uuid":"3B333024-D03A-4666-B49C-991870B22B46"}},{"uuid":"20FB6298-1516-4509-BD89-2E2FACA41770","type":"Mesh","name":"Lathe copy 9","castShadow":true,"receiveShadow":true,"userData":{"isEntity":true,"lock":false,"scaleLock":false,"hiddenMatrix":{"elements":[-0.9455185755993174,0,0.32556815445715687,0,0,1,0,0,-0.32556815445715687,0,-0.9455185755993174,0,-8676.40291969131,-505.7645693713734,-2206.6994012687555,1]},"type":"Mesh3D","positionToCenter":{"x":0,"y":0,"z":0}},"layers":1,"matrix":[2.9999999999999987,0,0,0,0,3,0,0,0,0,2.9999999999999987,0,-6710.381556282311,506.08179540630636,-4115.426064589198,1],"geometry":"490AFDF0-7D34-4874-9DC9-286A1A93A393","material":"AB39F955-9CFD-44B3-9D16-8F8823511AA9","interaction":{"uuid":"FCA61221-CB04-4E37-A46D-AFE48BB55B16"}},{"uuid":"A78F6CD4-4C06-4E79-AD68-F69A42DBC842","type":"Mesh","name":"Lathe copy 9","castShadow":true,"receiveShadow":true,"userData":{"isEntity":true,"lock":false,"scaleLock":false,"hiddenMatrix":{"elements":[-0.9455185755993174,0,0.32556815445715687,0,0,1,0,0,-0.32556815445715687,0,-0.9455185755993174,0,-8459.897302093763,-502.76449569490575,-2463.531842853502,1]},"type":"Mesh3D","positionToCenter":{"x":0,"y":0,"z":0}},"layers":1,"matrix":[2.9999999999999987,0,4.440892098500626e-16,0,0,3,0,0,-4.440892098500626e-16,0,2.9999999999999987,0,-5967.594923860576,506.0817954063061,-4221.615491622326,1],"geometry":"B6B3498F-0084-46F5-A060-BF8844779DCA","material":"5081045F-2335-4A0A-B141-728D7192E6BE","interaction":{"uuid":"7EFF4B67-DDD4-4E4B-8389-FCED0046ECA6"}},{"uuid":"F8F458A4-0B55-4501-9231-DD2CF3E66354","type":"Mesh","name":"Lathe copy 9","castShadow":true,"receiveShadow":true,"userData":{"isEntity":true,"lock":false,"scaleLock":false,"hiddenMatrix":{"elements":[0.7771459614569712,0,0.6293203910498382,0,0,1,0,0,-0.6293203910498382,0,0.7771459614569712,0,-9382.228235911341,-496.51506313170177,-1117.9570642264646,1]},"type":"Mesh3D","positionToCenter":{"x":0,"y":0,"z":0}},"layers":1,"matrix":[2.9999999999999982,0,-2.220446049250313e-16,0,0,3,0,0,2.220446049250313e-16,0,2.9999999999999982,0,5535.64038042471,506.0817954063064,-4970.396005005947,1],"geometry":"168DE826-49FE-4553-8419-72F7F8074058","material":"54C223DF-5880-4E73-8C54-4B8A74BCE6C3","interaction":{"uuid":"B02B2FA0-2C55-4C62-9F10-21F25C191A3E"}},{"uuid":"FEF9C69B-8582-4A56-9ABA-1EE08EB71671","type":"Mesh","name":"Lathe copy 9","castShadow":true,"receiveShadow":true,"userData":{"isEntity":true,"lock":false,"scaleLock":false,"hiddenMatrix":{"elements":[0.7771459614569712,0,0.6293203910498382,0,0,1,0,0,-0.6293203910498382,0,0.7771459614569712,0,-9714.76499660814,-493.5149894552341,-1165.4637825614295,1]},"type":"Mesh3D","positionToCenter":{"x":0,"y":0,"z":0}},"layers":1,"matrix":[2.9999999999999982,0,-2.220446049250313e-16,0,0,3,0,0,2.220446049250313e-16,0,2.9999999999999982,0,6810.293013579411,506.08179540630664,-5084.148415715395,1],"geometry":"A478702B-5DF9-486D-8BA9-ECA35C3DFD60","material":"FB603714-F690-4654-A5C3-E1F333E4DEBE","interaction":{"uuid":"7CB3212F-5DC7-40F1-975E-F6B5992A6508"}},{"uuid":"79F74C21-528E-422F-A0A3-C69E0022DBB1","type":"Mesh","name":"Lathe copy 9","castShadow":true,"receiveShadow":true,"userData":{"isEntity":true,"lock":false,"scaleLock":false,"hiddenMatrix":{"elements":[-0.9925461516413235,0,-0.12186934340514718,0,0,1,0,0,0.12186934340514718,0,-0.9925461516413235,0,-8932.187434962607,-505.72659332162453,-3495.206939978789,1]},"type":"Mesh3D","positionToCenter":{"x":0,"y":0,"z":0}},"layers":1,"matrix":[2.9999999999999996,0,-1.394717674685353e-15,0,0,3,0,0,1.394717674685353e-15,0,2.9999999999999996,0,-5992.582302630324,488.18354559296034,-581.991144918673,1],"geometry":"08A9A350-1A4D-4B2A-B7B3-4FA1C037076B","material":"E092962A-CC01-4D6A-B1EC-473916760958","interaction":{"uuid":"B5181074-7951-4F79-AB73-75FBC31BF263","events":[{"type":0,"ui":{"isCollapsed":false},"targets":[{"easing":4,"duration":1000,"delay":0,"cubicControls":[0.5,0.05,0.1,0.3],"springParameters":{"mass":1,"stiffness":80,"damping":10,"velocity":0},"repeat":false,"cycle":false,"rewind":false,"object":"79F74C21-528E-422F-A0A3-C69E0022DBB1"}]}]}},{"uuid":"02827B78-FCDA-45E0-8B5B-5CE4649B0E5C","type":"Mesh","name":"Lathe copy 9","castShadow":true,"receiveShadow":true,"userData":{"isEntity":true,"lock":false,"scaleLock":false,"hiddenMatrix":{"elements":[0.1736481776669308,0,0.9848077530122095,0,0,1,0,0,-0.9848077530122095,0,0.1736481776669308,0,-9106.448253377643,-505.72593706900835,-4243.861674906485,1]},"type":"Mesh3D","positionToCenter":{"x":0,"y":0,"z":0}},"layers":1,"matrix":[2.9999999999999996,0,6.661338147750938e-16,0,0,3,0,0,-6.661338147750938e-16,0,2.9999999999999996,0,3613.8492134267285,488.1835455929596,-6033.555026664298,1],"geometry":"08FFCEB9-7E1E-48B6-991D-C5C20E290CF3","material":"25F686B1-A5A8-4898-BC1B-F1F7B772FC34","interaction":{"uuid":"F8050D44-E18E-4769-B788-FA7648FCE33B"}},{"uuid":"380A3F82-B595-4BF0-97D5-93BE94A96084","type":"Mesh","name":"Lathe copy 9","castShadow":true,"receiveShadow":true,"userData":{"isEntity":true,"lock":false,"scaleLock":false,"hiddenMatrix":{"elements":[-0.9925461516413235,0,-0.12186934340514718,0,0,1,0,0,0.12186934340514718,0,-0.9925461516413235,0,-9255.09767201281,-507.2262709928565,-3440.852758449695,1]},"type":"Mesh3D","positionToCenter":{"x":0,"y":0,"z":0}},"layers":1,"matrix":[3,0,-1.3877787807814457e-17,0,0,3,0,0,1.3877787807814457e-17,0,3,0,-7665.23524499008,491.1837687978392,52.57167601198125,1],"geometry":"F8635089-BFE2-4CED-9620-336FECBB8C74","material":"2DC48B19-B7B3-47EE-A385-7D06F711E6E0","interaction":{"uuid":"8ADC6B7F-35A1-4A61-A10F-778E3C962FF1"}},{"uuid":"ED3E2D02-0BA6-42D2-B77C-06CCA56B2DCD","type":"Mesh","name":"Lathe copy 9","castShadow":true,"receiveShadow":true,"userData":{"isEntity":true,"lock":false,"scaleLock":false,"hiddenMatrix":{"elements":[-0.9925461516413235,0,-0.12186934340514718,0,0,1,0,0,0.12186934340514718,0,-0.9925461516413235,0,-8947.915779975665,-504.22619731638883,-3576.782411970031,1]},"type":"Mesh3D","positionToCenter":{"x":0,"y":0,"z":0}},"layers":1,"matrix":[2.9999999999999987,0,-2.0816681711721685e-17,0,0,3,0,0,2.0816681711721685e-17,0,2.9999999999999987,0,-6522.730827686478,488.18354559295994,-532.2878257698621,1],"geometry":"FF8B8844-338C-4DA7-92CC-D3AA7DC1B4B2","material":"B25806E3-0DDB-4235-933A-EADC67F252DD","interaction":{"uuid":"2546B813-F916-4EA2-B88C-9AAD95DC1345"}},{"uuid":"B64E73AE-A0C2-44CD-A45E-3E5146DAF1BF","type":"Mesh","name":"Lathe copy 9","castShadow":true,"receiveShadow":true,"userData":{"isEntity":true,"lock":false,"scaleLock":false,"hiddenMatrix":{"elements":[0.1736481776669308,0,0.9848077530122095,0,0,1,0,0,-0.9848077530122095,0,0.1736481776669308,0,-9018.891569501251,-505.72612146444675,-4430.5212118462505,1]},"type":"Mesh3D","positionToCenter":{"x":0,"y":0,"z":0}},"layers":1,"matrix":[2.9999999999999996,0,5.551115123125783e-16,0,0,3,0,0,-5.551115123125783e-16,0,2.9999999999999996,0,3677.684249154646,488.18354559295983,-6758.938269477871,1],"geometry":"514A9781-6BA2-43BF-AB36-C04B102D377C","material":"4697C2A8-F4B9-42CB-A535-DDF018FB72B7","interaction":{"uuid":"92799327-C279-4379-A19F-95EF688E3FA2"}},{"uuid":"FF41733E-36F0-4BDA-A3BB-52553BFD5F12","type":"Mesh","name":"Lathe copy 9","castShadow":true,"receiveShadow":true,"userData":{"isEntity":true,"lock":false,"scaleLock":false,"hiddenMatrix":{"elements":[0.1736481776669308,0,0.9848077530122095,0,0,1,0,0,-0.9848077530122095,0,0.1736481776669308,0,-9238.693037074012,-502.7260477879791,-4684.5387316249835,1]},"type":"Mesh3D","positionToCenter":{"x":0,"y":0,"z":0}},"layers":1,"matrix":[2.9999999999999996,0,5.551115123125783e-16,0,0,3,0,0,-5.551115123125783e-16,0,2.9999999999999996,0,3969.4097773805656,488.1835455929597,-6511.020997842839,1],"geometry":"A5ED0BAB-1F68-49CD-AE53-E6D1F6A718E7","material":"E4175F4A-6842-4EA6-ABB4-9ADA7282E745","interaction":{"uuid":"94E5828D-FDA2-41E0-978A-B806C507FB04"}},{"uuid":"AC067D1A-05F1-4C66-A8F1-B6A8D29D9027","type":"Mesh","name":"Lathe copy 9","castShadow":true,"receiveShadow":true,"userData":{"isEntity":true,"lock":false,"scaleLock":false,"hiddenMatrix":{"elements":[0.42261826174070033,0,0.9063077870366514,0,0,1,0,0,-0.9063077870366514,0,0.42261826174070033,0,-7306.723566662575,-496.4770870819529,-4132.239278456196,1]},"type":"Mesh3D","positionToCenter":{"x":0,"y":0,"z":0}},"layers":1,"matrix":[3,0,0,0,0,3,0,0,0,0,3,0,4864.964931984144,488.18354559296,-3392.3281841666626,1],"geometry":"1CCA981B-1E8B-4B58-810D-A6A346E403D8","material":"ED373D0F-3CEC-4FAA-A691-2076BF9C7383","interaction":{"uuid":"3802EE93-712A-438D-A3CD-7ACFEEA39EB5","selectedState":0,"states":["09CC007E-3BE4-48D5-BEA7-B414DCB33C2F"],"events":[{"type":0,"ui":{"isCollapsed":false},"targets":[{"easing":4,"duration":1000,"delay":0,"cubicControls":[0.5,0.05,0.1,0.3],"springParameters":{"mass":1,"stiffness":80,"damping":10,"velocity":0},"repeat":false,"cycle":false,"rewind":false,"object":"AC067D1A-05F1-4C66-A8F1-B6A8D29D9027"}]}]}},{"uuid":"B8654E90-1DD1-4BB0-89E4-D44458D13958","type":"Mesh","name":"Lathe copy 9","castShadow":true,"receiveShadow":true,"userData":{"isEntity":true,"lock":false,"scaleLock":false,"hiddenMatrix":{"elements":[0.7431448254773955,0,-0.6691306063588593,0,0,1,0,0,0.6691306063588593,0,0.7431448254773955,0,-7849.274624617327,-496.4764308293367,-3587.731156867074,1]},"type":"Mesh3D","positionToCenter":{"x":0,"y":0,"z":0}},"layers":1,"matrix":[3,0,0,0,0,3,0,0,0,0,3,0,2150.7424928357027,488.18354559296006,5883.082339849212,1],"geometry":"B79F3F9E-4321-4452-82AD-D76DADDAA769","material":"BC2BBA9B-7D3E-4320-83A5-9B3A52DA2D33","interaction":{"uuid":"54233CB6-D70F-4E05-8E3A-73942505AD02"}},{"uuid":"FE457A49-DC5A-494D-A42E-54164A7DE2FE","type":"Mesh","name":"Lathe copy 9","castShadow":true,"receiveShadow":true,"userData":{"isEntity":true,"lock":false,"scaleLock":false,"hiddenMatrix":{"elements":[0.42261826174070033,0,0.9063077870366514,0,0,1,0,0,-0.9063077870366514,0,0.42261826174070033,0,-7089.512251267671,-497.97676475318485,-3887.1991945802465,1]},"type":"Mesh3D","positionToCenter":{"x":0,"y":0,"z":0}},"layers":1,"matrix":[3,0,0,0,0,3,0,0,0,0,3,0,3862.4280402160193,491.1837687978394,-2167.7512021082907,1],"geometry":"69ABDEB9-934F-4B3E-A7D0-E1B4DF7B8E65","material":"1A0B431E-11E6-4CBD-9E47-752C07BE5195","interaction":{"uuid":"703D8750-BC49-4C70-B454-743AD62A8821"}},{"uuid":"2739DF7F-4C92-47BD-83E9-E0230F683F96","type":"Mesh","name":"Lathe copy 9","castShadow":true,"receiveShadow":true,"userData":{"isEntity":true,"lock":false,"scaleLock":false,"hiddenMatrix":{"elements":[0.42261826174070033,0,0.9063077870366514,0,0,1,0,0,-0.9063077870366514,0,0.42261826174070033,0,-7367.568737360882,-494.9766910767172,-4075.6724713151043,1]},"type":"Mesh3D","positionToCenter":{"x":0,"y":0,"z":0}},"layers":1,"matrix":[3,0,0,0,0,3,0,0,0,0,3,0,4801.253079218876,488.18354559296,-2463.3629786143824,1],"geometry":"74C504FA-6AE2-48B2-8BBA-3E2D37655A04","material":"D31EFEFB-FC04-4F6B-9672-2B9B7DB0B6CE","interaction":{"uuid":"730F710C-9E92-45D5-B0AB-F441FD293E6B"}},{"uuid":"CD7D2EAA-F8E3-4ACE-93BE-CBE1A8355285","type":"Mesh","name":"Lathe copy 9","castShadow":true,"receiveShadow":true,"userData":{"isEntity":true,"lock":false,"scaleLock":false,"hiddenMatrix":{"elements":[0.7431448254773955,0,-0.6691306063588593,0,0,1,0,0,0.6691306063588593,0,0.7431448254773955,0,-8053.968863047012,-496.4766152247751,-3563.068951456986,1]},"type":"Mesh3D","positionToCenter":{"x":0,"y":0,"z":0}},"layers":1,"matrix":[3,0,0,0,0,3,0,0,0,0,3,0,2272.6296845235565,488.18354559295994,5240.031466648642,1],"geometry":"3485FF1C-5698-446C-8BB1-15D68EF5F57D","material":"4076AC88-2470-4261-BDF7-6C7607599593","interaction":{"uuid":"71C7ABDD-9470-4C12-B556-47D4D07FB02E"}},{"uuid":"EFF0DE8C-9213-481A-9E86-DDF935A5BF79","type":"Mesh","name":"Lathe copy 9","castShadow":true,"receiveShadow":true,"userData":{"isEntity":true,"lock":false,"scaleLock":false,"hiddenMatrix":{"elements":[0.7431448254773955,0,-0.6691306063588593,0,0,1,0,0,0.6691306063588593,0,0.7431448254773955,0,-8152.91090511221,-493.47654154830747,-3242.0579581660295,1]},"type":"Mesh3D","positionToCenter":{"x":0,"y":0,"z":0}},"layers":1,"matrix":[3,0,0,0,0,3,0,0,0,0,3,0,2722.35253933511,488.18354559296034,4674.872416744643,1],"geometry":"653E6DA7-CD7B-4482-9130-E10D3BC57412","material":"6D102019-AE68-48C4-8A83-D458584C0EB0","interaction":{"uuid":"6749CD33-C2D2-482B-B849-49E48BBE6989"}},{"uuid":"81C5C904-523A-4338-93F8-CB357F64B232","type":"Mesh","name":"Lathe copy 9","castShadow":true,"receiveShadow":true,"userData":{"isEntity":true,"lock":false,"scaleLock":false,"hiddenMatrix":{"elements":[-0.5150380749100548,0,-0.8571673007021128,0,0,1,0,0,0.8571673007021128,0,-0.5150380749100548,0,-8538.234547206524,-169.5788833303169,-2306.265807481089,1]},"type":"Mesh3D","positionToCenter":{"x":0,"y":0,"z":0}},"layers":1,"matrix":[2.9999999999999973,0,-1.1102230246251565e-15,0,0,3,0,0,1.1102230246251565e-15,0,2.9999999999999973,0,-4244.24449970543,156.27061162141467,4356.572208971999,1],"geometry":"651F9433-B73B-4D55-BE4A-2439DB121301","material":"F6E796FE-FE9A-453C-B6A9-A3393BCFAD9B","interaction":{"uuid":"09DD5782-3471-472A-AA59-367DB825968B","events":[{"type":0,"ui":{"isCollapsed":false},"targets":[{"easing":4,"duration":1000,"delay":0,"cubicControls":[0.5,0.05,0.1,0.3],"springParameters":{"mass":1,"stiffness":80,"damping":10,"velocity":0},"repeat":false,"cycle":false,"rewind":false,"object":"81C5C904-523A-4338-93F8-CB357F64B232"}]}]}},{"uuid":"51CC047B-AB1B-482E-800B-E3B5923DF752","type":"Mesh","name":"Lathe copy 9","castShadow":true,"receiveShadow":true,"userData":{"isEntity":true,"lock":false,"scaleLock":false,"hiddenMatrix":{"elements":[-0.6691306063588587,0,0.7431448254773948,0,0,1,0,0,-0.7431448254773948,0,-0.6691306063588587,0,-8055.572237901769,-169.57822707770072,-2904.503084939568,1]},"type":"Mesh3D","positionToCenter":{"x":0,"y":0,"z":0}},"layers":1,"matrix":[2.999999999999997,0,-1.1102230246251565e-15,0,0,3,0,0,1.1102230246251565e-15,0,2.999999999999997,0,-1786.6367447443363,156.27061162141467,-5771.806749663762,1],"geometry":"5794F607-8B6A-4D4E-9D56-CC078FBBDC8E","material":"6E391208-21F2-4362-97EE-146166F6F130","interaction":{"uuid":"B4C7493D-F46A-4015-9E91-FD87AFEAD8C5"}},{"uuid":"740E83EA-9665-4492-B4CD-02A2439F5492","type":"Mesh","name":"Lathe copy 9","castShadow":true,"receiveShadow":true,"userData":{"isEntity":true,"lock":false,"scaleLock":false,"hiddenMatrix":{"elements":[-0.5150380749100548,0,-0.8571673007021128,0,0,1,0,0,0.8571673007021128,0,-0.5150380749100548,0,-8779.86961969503,-171.07856100154885,-2527.258771136023,1]},"type":"Mesh3D","positionToCenter":{"x":0,"y":0,"z":0}},"layers":1,"matrix":[3,0,1.7763568394002505e-15,0,0,3,0,0,-1.7763568394002505e-15,0,3,0,-5916.897442065184,159.27083482629382,4875.868377393632,1],"geometry":"BDC54125-C27F-4DC6-A863-F6172B5A10C7","material":"488C9977-B3F5-4E73-93D7-D3EE687BA229","interaction":{"uuid":"EB536CC6-E7FB-46A0-8D08-EC40F1728599"}},{"uuid":"D44917B0-9414-4274-9B15-E60955F3D8D6","type":"Mesh","name":"Lathe copy 9","castShadow":true,"receiveShadow":true,"userData":{"isEntity":true,"lock":false,"scaleLock":false,"hiddenMatrix":{"elements":[-0.5150380749100548,0,-0.8571673007021128,0,0,1,0,0,0.8571673007021128,0,-0.5150380749100548,0,-8483.635534142053,-168.0784873250812,-2368.882787924329,1]},"type":"Mesh3D","positionToCenter":{"x":0,"y":0,"z":0}},"layers":1,"matrix":[3,0,1.7763568394002505e-15,0,0,3,0,0,-1.7763568394002505e-15,0,3,0,-4978.072403062327,156.27061162141464,4580.256600887543,1],"geometry":"3401EBE0-5DE3-46A2-BCC4-443C76075E25","material":"EA8FBF60-C192-43C0-B696-5ABBC48C3219","interaction":{"uuid":"B2A85686-686B-4BE4-9597-4DA9B0CA5D15"}},{"uuid":"EED32E1B-8A53-4EA8-8E85-0D14277FA92F","type":"Mesh","name":"Lathe copy 9","castShadow":true,"receiveShadow":true,"userData":{"isEntity":true,"lock":false,"scaleLock":false,"hiddenMatrix":{"elements":[-0.6691306063588587,0,0.7431448254773948,0,0,1,0,0,-0.7431448254773948,0,-0.6691306063588587,0,-7854.577238360022,-169.5784114731391,-2950.4265623907695,1]},"type":"Mesh3D","positionToCenter":{"x":0,"y":0,"z":0}},"layers":1,"matrix":[2.999999999999997,0,-1.1102230246251565e-15,0,0,3,0,0,1.1102230246251565e-15,0,2.999999999999997,0,-1446.021829669799,156.27061162141467,-6497.189992477339,1],"geometry":"8ED6751B-1A89-4E04-9A3F-E1F21D98BBF9","material":"B46670B4-63FC-4080-8A42-7F7115D9D77B","interaction":{"uuid":"058F93B8-B231-444E-94D0-4EDC04DA4790"}},{"uuid":"811A86E9-958D-4462-9160-D9C266C63293","type":"Mesh","name":"Lathe copy 9","castShadow":true,"receiveShadow":true,"userData":{"isEntity":true,"lock":false,"scaleLock":false,"hiddenMatrix":{"elements":[-0.6691306063588587,0,0.7431448254773948,0,0,1,0,0,-0.7431448254773948,0,-0.6691306063588587,0,-7789.731996974461,-166.57833779667146,-3280.0212834821814,1]},"type":"Mesh3D","positionToCenter":{"x":0,"y":0,"z":0}},"layers":1,"matrix":[2.999999999999999,0,2.220446049250313e-16,0,0,3,0,0,-2.220446049250313e-16,0,2.999999999999999,0,-1154.296301443884,156.27061162141464,-6249.272720842304,1],"geometry":"37233D8F-C191-4CD2-A8AD-24C904DF5899","material":"2D11696B-3F03-4506-8257-378CF1A92C72","interaction":{"uuid":"92D6DB18-968D-4840-A2A3-86A9E1FE5798"}},{"uuid":"23625870-47EC-4282-87E3-2F3195729FF8","type":"Mesh","name":"Lathe copy 9","castShadow":true,"receiveShadow":true,"userData":{"isEntity":true,"lock":false,"s