{"object":{"uuid":"84BF645C-677B-4C1A-A6D7-6CB505255A2D","type":"Scene","name":"Beefy Miracle","userData":{"rgb":{"r":255,"g":230,"b":195},"alpha":1,"directionalLightState":true,"ambientLightState":true,"shadowsState":false,"wireframeState":false,"canvasMode":1,"canvasFullScreen":true,"canvasCustomSize":{"width":512,"height":512},"fogEnable":false,"fogColor":{"r":255,"g":255,"b":255},"fogUseBGColor":false,"fogNear":100,"fogFar":1000},"layers":1,"matrix":[1,0,0,0,0,1,0,0,0,0,1,0,0,0,0,1],"children":[{"uuid":"43014A0C-80C6-49E4-958F-BE62BE6246D9","type":"Group","name":"Beefy Miracle","userData":{"type":"EmptyObject","isEntity":true,"lock":false,"scaleLock":false,"hiddenMatrix":{"elements":[1,0,0,0,0,1,0,0,0,0,1,0,0,0,0,1]},"positionToCenter":{"x":0,"y":0,"z":0}},"layers":1,"matrix":[1,0,0,0,0,1,0,0,0,0,1,0,0,0,0,1],"children":[{"uuid":"FF41DB00-8965-424F-B245-E796BA275904","type":"Mesh","name":"Bun","castShadow":true,"receiveShadow":true,"userData":{"isEntity":true,"lock":false,"scaleLock":false,"hiddenMatrix":{"elements":[-0.12186934340514743,-1.3290981742686457e-17,0.992546151641322,0,-0.37181433267442887,0.9271838545667874,-0.045653059574836286,0,-0.9202727667142321,-0.374606593415912,-0.11299528757190819,0,555.1416680453631,312.02313170359844,1200.8332317123707,1]},"type":"Mesh3D","positionToCenter":{"x":0,"y":0,"z":0}},"layers":1,"matrix":[1.1954336377100943,-0.10458689129718976,4.6677624955712194e-17,0,0.08715574274765812,0.996194698091745,-9.476235966377924e-17,0,-3.6589101891174547e-17,1.1735033540357566e-16,1.1999999999999993,0,-154.61209978603392,-103.9025243687824,445.4699689417697,1],"geometry":"22126560-4116-4726-94AD-5AACE44042F8","material":"BBB08261-0008-41E1-A9C7-273506290D57","interaction":{"uuid":"0B37BF14-7AF9-4DAD-B979-1F25C8B9696C"}},{"uuid":"6185B8A7-8B2B-43F4-A027-A7E3755519AC","type":"Mesh","name":"Sausage","castShadow":true,"receiveShadow":true,"userData":{"isEntity":true,"lock":false,"scaleLock":false,"hiddenMatrix":{"elements":[-0.12186934340514743,0.06923651956680048,0.9901283591011188,0,-0.37181433267442887,0.9217406848455891,-0.11021892722329174,0,-0.9202727667142321,-0.38157622339273206,-0.08658880173251302,0,555.1416680453631,349.1305173051987,1177.5403132213628,1]},"type":"Mesh3D","positionToCenter":{"x":0,"y":0,"z":0}},"layers":1,"matrix":[1.0000000000000009,4.1909285365392426e-17,1.1583919170587702e-16,0,-2.7479653673679882e-17,0.9925461516413215,-0.12186934340514796,0,-1.2008320102696877e-16,0.12186934340514793,0.9925461516413213,0,-112.2231496016791,-99.01646585623,477.44160366760593,1],"geometry":"05F6BB49-DB42-4A16-BC84-2021195FA7BA","material":"C8B88A4B-48F3-4D12-A81A-252DCE2105D8","interaction":{"uuid":"8B35678A-115F-43AF-9055-6D8DF06FF7DA"}},{"uuid":"81ABE5D1-A8F8-49DF-A3B7-39FC1648D728","type":"Mesh","name":"Mustard","castShadow":true,"receiveShadow":true,"userData":{"isEntity":true,"lock":false,"scaleLock":false,"hiddenMatrix":{"elements":[-0.12186934340514743,0.06923651956680048,0.9901283591011188,0,-0.37181433267442887,0.9217406848455891,-0.11021892722329174,0,-0.9202727667142321,-0.38157622339273206,-0.08658880173251302,0,555.1416680453631,349.1305173051987,1177.5403132213628,1]},"type":"Mesh3D","positionToCenter":{"x":0,"y":0,"z":0}},"layers":1,"matrix":[0.4525435342933635,0.397838712347368,0.7980781343496753,0,-0.3535657587119553,0.9016628275911167,-0.24898875397662346,0,-0.8186547525274072,-0.16949485035888281,0.5487038289151164,0,-126.53912778261565,-119.1584407712099,636.1654634194128,1],"geometry":"7CA238E8-D152-496C-8826-2BA09A418C01","material":"58EA6AB3-27D8-4148-A659-F7084BF29B65","interaction":{"uuid":"3A6A93C9-ECF9-4C17-9214-03F7F9D9DD1C"}},{"uuid":"B93DBE65-DFD5-426A-9232-774680D5F4EC","type":"Mesh","name":"Right arm","castShadow":true,"receiveShadow":true,"userData":{"isEntity":true,"lock":false,"scaleLock":false,"hiddenMatrix":{"elements":[1,0,0,0,0,1,0,0,0,0,1,0,0,0,0,1]},"type":"Mesh3D","positionToCenter":{"x":0,"y":0,"z":0}},"layers":1,"matrix":[0.13961912799267126,0.7936451842033023,0.5921434122655382,0,0.8423738099215389,-0.409531444033246,0.3502718383003641,0,-0.5204929043289996,-0.4499014535861736,0.725724340644716,0,-120.49837382625626,176.82790351132354,920.7195518863035,1],"geometry":"E58AC118-2DD7-41BB-980B-734F8A909BB1","material":"4A3AB01F-49AB-426B-8E6E-17739A0EED55","interaction":{"uuid":"13CB7C23-252A-46DC-9C42-2CD1B703ECD1"}},{"uuid":"1BC3325B-08F8-4241-801F-FADAC64600F8","type":"Mesh","name":"Left arm","castShadow":true,"receiveShadow":true,"userData":{"isEntity":true,"lock":false,"scaleLock":false,"hiddenMatrix":{"elements":[0.882947592858927,-0.4636915888046025,-0.07344153277601198,0,0.46947156278589075,0.8720770428233049,0.1381234343474458,0,0,-0.15643446504023087,0.9876883405951378,0,-67.67199103576098,198.6053015268368,-5.73044676720076,1]},"type":"Mesh3D","positionToCenter":{"x":0,"y":0,"z":0}},"layers":1,"matrix":[-0.5062028060937934,0.8238367603205164,-0.25505237000931685,0,-0.3954889764984471,-0.48456397358406567,-0.7802475408308776,0,0.7663857961699079,0.294093093847884,-0.5711060003011703,0,87.32552442959295,228.85444134182092,725.4430123952502,1],"geometry":"F01785F8-FF63-4195-8AC3-EFC816347156","material":"1C9AC183-00F1-4A57-B411-B50E64A131EB","interaction":{"uuid":"93843A6B-ADCF-4345-9FB3-8FFE46934C18"}},{"uuid":"17856147-1342-4263-9644-F94F3A90AA31","type":"Mesh","name":"Right leg","castShadow":true,"receiveShadow":true,"userData":{"isEntity":true,"lock":false,"scaleLock":false,"hiddenMatrix":{"elements":[0.9945218953682733,0,0.10452846326765354,0,0.016351854232752806,0.9876883405951378,-0.15557750067273232,0,-0.10324154442978854,0.15643446504023087,0.9822776805218212,0,80.3829228168202,-115.77906978405878,-44.66862787999332,1]},"type":"Mesh3D","positionToCenter":{"x":0,"y":0,"z":0}},"layers":1,"matrix":[-0.1200878390044004,-0.609681924020552,-0.7834965618596231,0,-0.9780369626386847,-0.06277458601394037,0.19875374477798968,0,0.170360237836618,-0.7901565053034593,0.5887529927659602,0,-6.517884830138996,-396.2686703014267,1011.5958921206255,1],"geometry":"744B4F29-5743-4D69-98E3-EDAC1A5055C8","material":"37AACD86-9A54-4C7B-AA66-2CA8F6278B28","interaction":{"uuid":"A7DA992D-DE2D-4EF3-BC5A-DAC0259C9821"}},{"uuid":"BE673D35-3A5F-42E4-A2F9-B120633B7676","type":"Mesh","name":"Left leg","castShadow":true,"receiveShadow":true,"userData":{"isEntity":true,"lock":false,"scaleLock":false,"hiddenMatrix":{"elements":[1,0,0,0,0,0.8571673007021122,0.5150380749100544,0,0,-0.5150380749100544,0.8571673007021122,0,0,435.0560813614009,327.968010983535,1]},"type":"Mesh3D","positionToCenter":{"x":0,"y":0,"z":0}},"layers":1,"matrix":[-0.19791338995984242,-0.04673429445313192,-0.9791047930618201,0,-0.9774671453588478,-0.0653914619446256,0.20070360347748625,0,0.07340483511801588,-0.9967646976226553,0.03273939148156587,0,87.51336785521262,-334.9985647121183,870.1380037762822,1],"geometry":"CC560FCE-D48D-4EA2-9DEF-4FE3B580A11B","material":"4EA4A534-4261-42B7-B647-12185A3C46B5","interaction":{"uuid":"8606E115-1F37-4FF3-9297-3A4FC7809BD8"}},{"uuid":"25A6DD90-DF29-4DF9-9A64-4364D9659A71","type":"Group","name":"Mouth","userData":{"type":"EmptyObject","isEntity":true,"lock":false,"scaleLock":false,"hiddenMatrix":{"elements":[1,0,0,0,0,0.9975640502598242,-0.0697564737441253,0,0,0.0697564737441253,0.9975640502598242,0,0,-45.89843353081462,1.3978843020181557,1]},"positionToCenter":{"x":0,"y":0,"z":0}},"layers":1,"matrix":[1,0,0,0,0,1.0000000000000002,0,0,0,0,1.0000000000000002,0,0,1.6446947371929426,9.758429456833646,1],"children":[{"uuid":"A408D98A-DDA5-4A84-897D-BE8584B23743","type":"Mesh","name":"Mouth","castShadow":true,"receiveShadow":true,"userData":{"isEntity":true,"lock":false,"scaleLock":false,"hiddenMatrix":{"elements":[1,0,0,0,0,1,0,0,0,0,1,0,0,0,0,1]},"type":"Mesh3D","positionToCenter":{"x":0,"y":0,"z":0}},"layers":1,"matrix":[0.2861188918903076,0.25594721556093647,0.923378038806461,0,-0.046348680463375154,-0.9588400588707623,0.2801384324294424,0,0.957072504841075,-0.12295025153013832,-0.262479439434615,0,-0.8661587035439247,184.7296078952998,879.271935885677,1],"geometry":"D3B18DC4-691D-4E21-8AFC-36A031439319","material":"4953745F-32BD-47FC-8D47-0A055D0F9C56","interaction":{"uuid":"740816FC-A77D-4D6C-9481-9A1A72923A4F"}},{"uuid":"9E32DD7C-1083-46D1-822C-0CEC022AD33C","type":"Mesh","name":"Tongue","castShadow":true,"receiveShadow":true,"userData":{"isEntity":true,"lock":false,"scaleLock":false,"hiddenMatrix":{"elements":[1,0,0,0,0,1,0,0,0,0,1,0,0,0,0,1]},"type":"Mesh3D","positionToCenter":{"x":0,"y":0,"z":0}},"layers":1,"matrix":[0.17011762342555367,-0.2539234391692387,0.9521464599737327,0,0.15934491515019528,0.9606028646637459,0.22770888084478588,0,-0.9724552391836956,0.11298240323286535,0.20387688526144265,0,2.337455070357117,207.3280975080952,879.0347387249014,1],"geometry":"95953198-736F-4E8D-B266-950CFC1088FF","material":"63DF0C2C-04DD-4202-BE11-E8B1704EDD8B","interaction":{"uuid":"7C63456E-79D1-4EEF-B8A0-1DBDC3D47333"}}],"enableHelper":true,"interaction":{"uuid":"743C0B33-A8C6-4CD5-89A2-5EC32E7E3B01"}},{"uuid":"3A383BEA-0C09-4D4E-BFD3-DC5BE2D501E4","type":"Group","name":"Right hand","userData":{"type":"EmptyObject","isEntity":true,"lock":false,"scaleLock":false,"hiddenMatrix":{"elements":[1,0,0,0,0,1,0,0,0,0,1,0,0,0,0,1]},"positionToCenter":{"x":0,"y":0,"z":0}},"layers":1,"matrix":[0.03729764522427827,0.2649077024932218,-0.27207370990735974,0,-0.047883773101989935,0.2751671328434584,0.26135542830015396,0,0.37395384532656534,0.008511810636408117,0.059551663622736575,0,-198.95932468301226,225.549879251025,846.1152415475245,1],"children":[{"uuid":"AA9AFDC0-39F0-45F0-A05D-CDC00B3DDFB5","type":"Mesh","name":"Sphere","castShadow":true,"receiveShadow":true,"userData":{"isEntity":true,"lock":false,"scaleLock":false,"hiddenMatrix":{"elements":[1,0,0,0,0,1,0,0,0,0,1,0,0,0,0,1]},"type":"Mesh3D","positionToCenter":{"x":0,"y":0,"z":0}},"layers":1,"matrix":[1,0,0,0,0,1,0,0,0,0,1,0,-486.1374453890005,118,72,1],"geometry":"F4574C9F-C904-413E-8249-9660D2797DB7","material":"38854B2C-E8B4-4425-9EE9-BEC6A637F630","interaction":{"uuid":"DB490D9B-CC37-4FC8-B396-934A33E7221B"}},{"uuid":"EC4D6AFD-55E3-4A6F-8269-7E33E39B84AD","type":"Mesh","name":"Cylinder","castShadow":true,"receiveShadow":true,"userData":{"isEntity":true,"lock":false,"scaleLock":false,"hiddenMatrix":{"elements":[1,0,0,0,0,1,0,0,0,0,1,0,0,0,0,1]},"type":"Mesh3D","positionToCenter":{"x":0,"y":0,"z":0}},"layers":1,"matrix":[0.8296959438097466,-0.5577510094129962,0.02276954818255404,0,0.5579587142090623,0.829861245792687,-0.0035193706225709184,0,-0.016932633103673534,0.015624475357369418,0.9997345456199778,0,-354.8782501594102,159.20359461238544,67.16966624282783,1],"geometry":"9A262895-B7DB-4C3F-8125-E86B9BCB1C9A","material":"9CEA9B03-1FE3-446F-88DA-3B68F910147B","interaction":{"uuid":"5FA2C5AE-3CEE-4C1D-9B76-04BDD729044B"}},{"uuid":"4E2C759F-C8F7-481E-B360-F3DB4B8E19E3","type":"Mesh","name":"Cylinder 2","castShadow":true,"receiveShadow":true,"userData":{"isEntity":true,"lock":false,"scaleLock":false,"hiddenMatrix":{"elements":[1,0,0,0,0,1,0,0,0,0,1,0,0,0,0,1]},"type":"Mesh3D","positionToCenter":{"x":0,"y":0,"z":0}},"layers":1,"matrix":[0.9742321831789396,0.2254188264371357,0.007616163476558675,0,-0.22540313636212742,0.9742613544860159,-0.0028704134179388533,0,-0.008067178968720163,0.0010797419961216812,0.9999668768417824,0,-581.6145150421848,231.13457169624508,70.19722766266734,1],"geometry":"1A929CDC-B356-464F-9ECD-C45C0FDA6E14","material":"30FA2A12-91CC-47CC-A11F-970EBB37411F","interaction":{"uuid":"55EE1512-E5E4-4682-A99E-1F8514745A0D"}},{"uuid":"25878502-931E-4989-85EF-6768654264D3","type":"Mesh","name":"Cylinder 3","castShadow":true,"receiveShadow":true,"userData":{"isEntity":true,"lock":false,"scaleLock":false,"hiddenMatrix":{"elements":[1,0,0,0,0,1,0,0,0,0,1,0,0,0,0,1]},"type":"Mesh3D","positionToCenter":{"x":0,"y":0,"z":0}},"layers":1,"matrix":[0.9998476951563913,0.017452406437283397,0,0,-0.017452406437283397,0.9998476951563913,0,0,0,0,1,0,-500.6582225444807,274.4483268967963,70.79311571614943,1],"geometry":"7172D46E-9F4D-4399-B2DC-F18E6F2393AF","material":"27B2289D-707B-4922-AF5A-A2E71A011448","interaction":{"uuid":"EA4D8A4E-56EC-46B6-9E75-7F57F93A029D"}},{"uuid":"335C37A5-A89D-4215-9A66-CFDDD0968CA0","type":"Mesh","name":"Cylinder 4","castShadow":true,"receiveShadow":true,"userData":{"isEntity":true,"lock":false,"scaleLock":false,"hiddenMatrix":{"elements":[1,0,0,0,0,1,0,0,0,0,1,0,0,0,0,1]},"type":"Mesh3D","positionToCenter":{"x":0,"y":0,"z":0}},"layers":1,"matrix":[0.992546151641322,-0.12186934340514773,0,0,0.12186934340514773,0.992546151641322,0,0,0,0,1,0,-413.8309347886656,254.89245361204343,70.79311571614943,1],"geometry":"BC9C94C7-DAFF-4EC1-B46F-D8DC4268263C","material":"C69B7178-CB89-4856-9ED4-C621F75F198B","interaction":{"uuid":"5F4AAC52-0743-4171-B82A-581F4846974A"}}],"enableHelper":true,"interaction":{"uuid":"01BAFBA5-1458-4761-A019-337475D77BAE"}},{"uuid":"D6CBC97D-B177-4775-BCAC-6776E52DF7F0","type":"Group","name":"Left hand","userData":{"type":"EmptyObject","isEntity":true,"lock":false,"scaleLock":false,"hiddenMatrix":{"elements":[0.882947592858927,-0.4636915888046025,-0.07344153277601198,0,0.46947156278589075,0.8720770428233049,0.1381234343474458,0,0,-0.15643446504023087,0.9876883405951378,0,-67.67199103576098,198.6053015268368,-5.73044676720076,1]},"positionToCenter":{"x":0,"y":0,"z":0}},"layers":1,"matrix":[-0.197330351804754,0.017134650731051127,0.32612642457060137,0,-0.15455483722820834,0.33184174019108337,-0.11095191923552307,0,-0.2857797965017321,-0.18762100552640343,-0.16306009993790613,0,126.31371899730978,257.41924751541603,839.5350146651023,1],"children":[{"uuid":"92144796-89E7-4899-9C6D-FBE1DB864715","type":"Mesh","name":"Sphere","castShadow":true,"receiveShadow":true,"userData":{"isEntity":true,"lock":false,"scaleLock":false,"hiddenMatrix":{"elements":[1,0,0,0,0,1,0,0,0,0,1,0,0,0,0,1]},"type":"Mesh3D","positionToCenter":{"x":0,"y":0,"z":0}},"layers":1,"matrix":[1,0,0,0,0,1,0,0,0,0,1,0,-486.1374453890005,118,72,1],"geometry":"8B7A9F1A-7AB1-4BA8-B193-1E6B90E8368B","material":"5B08992F-BD7A-496B-903B-33EC5569E22D","interaction":{"uuid":"47DFA850-7482-437F-85A2-890D737322C8"}},{"uuid":"26577781-4E15-43B2-A428-F8414FF1E35B","type":"Mesh","name":"Cylinder","castShadow":true,"receiveShadow":true,"userData":{"isEntity":true,"lock":false,"scaleLock":false,"hiddenMatrix":{"elements":[1,0,0,0,0,1,0,0,0,0,1,0,0,0,0,1]},"type":"Mesh3D","positionToCenter":{"x":0,"y":0,"z":0}},"layers":1,"matrix":[0.8296959438097466,-0.5577510094129962,0.02276954818255404,0,0.5579587142090623,0.829861245792687,-0.0035193706225709184,0,-0.016932633103673534,0.015624475357369418,0.9997345456199778,0,-354.8782501594102,159.20359461238544,67.16966624282783,1],"geometry":"B84A3B99-F0B2-4B29-B108-48A87D7099BE","material":"F423DE48-9081-4E84-88D2-3988CE4C6B6B","interaction":{"uuid":"0687B499-A6B7-4B11-9D4B-BE6775DB7FCC"}},{"uuid":"1DF5D44A-8D6C-4E9A-BF1B-360F28201C81","type":"Mesh","name":"Cylinder 2","castShadow":true,"receiveShadow":true,"userData":{"isEntity":true,"lock":false,"scaleLock":false,"hiddenMatrix":{"elements":[1,0,0,0,0,1,0,0,0,0,1,0,0,0,0,1]},"type":"Mesh3D","positionToCenter":{"x":0,"y":0,"z":0}},"layers":1,"matrix":[0.9742321831789396,0.2254188264371357,0.007616163476558675,0,-0.22540313636212742,0.9742613544860159,-0.0028704134179388533,0,-0.008067178968720163,0.0010797419961216812,0.9999668768417824,0,-581.6145150421848,231.13457169624508,70.19722766266734,1],"geometry":"6683F318-990C-4999-B909-767CC528C586","material":"8C80A3FB-EAE2-432A-B50B-7B4A3F64637F","interaction":{"uuid":"B531189F-138A-44C9-95C6-5D1C4AE04DF0"}},{"uuid":"BE66E97E-A732-4A51-A47A-6F1DC4CA4D2E","type":"Mesh","name":"Cylinder 3","castShadow":true,"receiveShadow":true,"userData":{"isEntity":true,"lock":false,"scaleLock":false,"hiddenMatrix":{"elements":[1,0,0,0,0,1,0,0,0,0,1,0,0,0,0,1]},"type":"Mesh3D","positionToCenter":{"x":0,"y":0,"z":0}},"layers":1,"matrix":[0.9998476951563913,0.017452406437283397,0,0,-0.017452406437283397,0.9998476951563913,0,0,0,0,1,0,-500.6582225444807,274.4483268967963,70.79311571614943,1],"geometry":"2D0600FB-934C-4442-923B-C770F9C2B34E","material":"AC617A54-59A1-49AD-85C9-5F3BD93687FB","interaction":{"uuid":"290325A6-5F5F-4427-9580-F3EAC3C1A72C"}},{"uuid":"0F3DCCA2-7D40-4CE4-90B8-A56E24AE1198","type":"Mesh","name":"Cylinder 4","castShadow":true,"receiveShadow":true,"userData":{"isEntity":true,"lock":false,"scaleLock":false,"hiddenMatrix":{"elements":[1,0,0,0,0,1,0,0,0,0,1,0,0,0,0,1]},"type":"Mesh3D","positionToCenter":{"x":0,"y":0,"z":0}},"layers":1,"matrix":[0.992546151641322,-0.12186934340514773,0,0,0.12186934340514773,0.992546151641322,0,0,0,0,1,0,-413.8309347886656,254.89245361204343,70.79311571614943,1],"geometry":"B2B3241F-4279-4792-B7B5-EE165EB619AB","material":"1C501E0F-EDB9-4190-A437-2D0D593A13B0","interaction":{"uuid":"8C6F9930-83D1-4569-99D6-1F35714B7CE5"}}],"enableHelper":true,"interaction":{"uuid":"18F6B946-6FC2-4686-A193-AD50B3FBAD0F"}},{"uuid":"9D90DCB5-4414-4074-A706-26F5A4FFB153","type":"OrthographicCamera","name":"Camera","userData":{"type":"CombinedCamera","isEntity":true,"lock":false,"scaleLock":false,"activeCamera":true,"hiddenMatrix":{"elements":[1,0,0,0,0,1,0,0,0,0,1,0,0,0,0,1]}},"layers":1,"matrix":[0.4798569915659891,-5.2041704279304205e-18,-0.8773467203137183,0,-0.030615507293757442,0.9993909643974822,-0.01674487962979547,0,0.8768123849252949,0.03489556247820708,0.4795647415740083,0,372.37776580633664,-62.6462178889866,1148.0986137174482,1],"left":-960,"right":960,"top":508,"bottom":-508,"zoomOrtho":1.0000000000000002,"nearOrtho":50,"far":50000,"isOrthographicCamera":true,"aspect":1.889763779527559,"fov":45,"focus":10,"filmGauge":35,"filmOffset":0,"zoomPersp":1,"nearPersp":50,"targetOffset":1000,"enableHelper":true,"interaction":{"uuid":"F0544A42-1AC8-4795-A4D2-AF855EA0D43F"}},{"uuid":"5B697D2C-3EB1-47D7-8B14-1DBE509F40C1","type":"Group","name":"Left eye","userData":{"type":"EmptyObject","isEntity":true,"lock":false,"scaleLock":false,"hiddenMatrix":{"elements":[1,0,0,0,0,0.9975640502598242,-0.0697564737441253,0,0,0.0697564737441253,0.9975640502598242,0,0,-45.89843353081462,1.3978843020181557,1]},"positionToCenter":{"x":0,"y":0,"z":0}},"layers":1,"matrix":[1,0,0,0,0,1.0000000000000002,0,0,0,0,1.0000000000000002,0,0,-13.355305262806631,9.758429456833671,1],"children":[{"uuid":"C0DAD8E7-D783-4085-AD44-BE545ED2ABFE","type":"Mesh","name":"Speckle","castShadow":true,"receiveShadow":true,"userData":{"isEntity":true,"lock":false,"scaleLock":false,"hiddenMatrix":{"elements":[-0.12186934340514743,-1.3290981742686457e-17,0.992546151641322,0,-0.37181433267442887,0.9271838545667874,-0.045653059574836286,0,-0.9202727667142321,-0.374606593415912,-0.11299528757190819,0,555.1416680453631,312.02313170359844,1200.8332317123707,1]},"type":"Mesh3D","positionToCenter":{"x":0,"y":0,"z":0}},"layers":1,"matrix":[1.0000000000000004,-7.632783294297972e-17,1.665334536937737e-16,0,-1.6653345369377328e-16,-2.2204460492503082e-16,0.9999999999999978,0,7.632783294297973e-17,1.0000000000000009,2.220446049250315e-16,0,-234.2073212379304,162.75651062875068,510.05763275543836,1],"geometry":"50A80B2B-9437-482C-B95F-EB9AEB4803C0","material":"B4A5E4BC-75B1-4002-A0B1-620E93448045","interaction":{"uuid":"BEA95E75-7A7D-4536-877E-166081F07816"}},{"uuid":"36541CDF-DDF5-4D19-B743-5E1DB5E585DF","type":"Mesh","name":"Eyeball","castShadow":true,"receiveShadow":true,"userData":{"isEntity":true,"lock":false,"scaleLock":false,"hiddenMatrix":{"elements":[-0.12186934340514743,-1.3290981742686457e-17,0.992546151641322,0,-0.37181433267442887,0.9271838545667874,-0.045653059574836286,0,-0.9202727667142321,-0.374606593415912,-0.11299528757190819,0,555.1416680453631,312.02313170359844,1200.8332317123707,1]},"type":"Mesh3D","positionToCenter":{"x":0,"y":0,"z":0}},"layers":1,"matrix":[1.0000000000000009,-1.7694179454963447e-16,1.2143064331837667e-16,0,-1.2143064331837632e-16,-2.2204460492503082e-16,0.9999999999999978,0,1.769417945496345e-16,1.000000000000001,2.2204460492503155e-16,0,-236.25139586589648,163.37659779518094,521.9430937363745,1],"geometry":"55ECC544-E862-4CA2-AF67-9E5E549EA5D6","material":"BF1908E8-3469-476A-A6A8-ABD1DF4BDE4B","interaction":{"uuid":"803DCC02-F0FE-45A5-9A2E-F6EA55F21C64"}}],"enableHelper":true,"interaction":{"uuid":"C799E936-4959-48EA-B2F6-DF65D39D6796"}},{"uuid":"E3ED700E-7E5A-4E08-A9B1-86F3B0CCD6A3","type":"Group","name":"Right eye","userData":{"type":"EmptyObject","isEntity":true,"lock":false,"scaleLock":false,"hiddenMatrix":{"elements":[1,0,0,0,0,0.9975640502598242,-0.0697564737441253,0,0,0.0697564737441253,0.9975640502598242,0,0,-45.89843353081462,1.3978843020181557,1]},"positionToCenter":{"x":0,"y":0,"z":0}},"layers":1,"matrix":[1,0,0,0,0,1.0000000000000002,0,0,0,0,1.0000000000000002,0,0,-13.355305262806858,9.758429456833655,1],"children":[{"uuid":"D3A9F035-C93F-49CE-B3D9-9842773EB3B7","type":"Mesh","name":"Speckle","castShadow":true,"receiveShadow":true,"userData":{"isEntity":true,"lock":false,"scaleLock":false,"hiddenMatrix":{"elements":[-0.12186934340514743,-1.3290981742686457e-17,0.992546151641322,0,-0.37181433267442887,0.9271838545667874,-0.045653059574836286,0,-0.9202727667142321,-0.374606593415912,-0.11299528757190819,0,555.1416680453631,312.02313170359844,1200.8332317123707,1]},"type":"Mesh3D","positionToCenter":{"x":0,"y":0,"z":0}},"layers":1,"matrix":[1.0000000000000004,-7.632783294297972e-17,1.665334536937737e-16,0,-1.6653345369377328e-16,-2.2204460492503082e-16,0.9999999999999978,0,7.632783294297973e-17,1.0000000000000009,2.220446049250315e-16,0,-213.13960343205224,187.96554562627705,561.1691731322595,1],"geometry":"0E0B9289-B489-4970-ADD8-1FCEEE7E26C9","material":"8DE6D2A6-B9C9-4368-86A1-936DAC543BA8","interaction":{"uuid":"68391B41-A377-4B27-A280-E937F428096A"}},{"uuid":"6DD3C719-6D46-4A30-83B2-F94879ECEC44","type":"Mesh","name":"Eyeball","castShadow":true,"receiveShadow":true,"userData":{"isEntity":true,"lock":false,"scaleLock":false,"hiddenMatrix":{"elements":[-0.12186934340514743,-1.3290981742686457e-17,0.992546151641322,0,-0.37181433267442887,0.9271838545667874,-0.045653059574836286,0,-0.9202727667142321,-0.374606593415912,-0.11299528757190819,0,555.1416680453631,312.02313170359844,1200.8332317123707,1]},"type":"Mesh3D","positionToCenter":{"x":0,"y":0,"z":0}},"layers":1,"matrix":[1.0000000000000002,-1.1796119636642298e-16,1.387778780781447e-16,0,-1.387778780781445e-16,-2.22044604925031e-16,0.9999999999999987,0,1.17961196366423e-16,1.0000000000000007,2.2204460492503146e-16,0,-215.91075942799102,186.5533825932529,571.7574687998672,1],"geometry":"05847487-0076-464D-ACC5-517C978744FD","material":"1EAB114E-DC66-4BE5-86EF-960863D804DF","interaction":{"uuid":"CB3AC369-2F6E-4035-B59A-5126529DC8BA"}}],"enableHelper":true,"interaction":{"uuid":"0D22BFB0-FDDB-4500-9943-E61CB17380C4"}},{"uuid":"11275D80-14F8-45E5-B915-8DD8F9248A41","type":"Group","name":"Left shoe","userData":{"type":"EmptyObject","isEntity":true,"lock":false,"scaleLock":false,"hiddenMatrix":{"elements":[1,0,0,0,0,1,0,0,0,0,1,0,0,0,0,1]},"positionToCenter":{"x":0,"y":0,"z":0}},"layers":1,"matrix":[1,0,0,0,0,1,0,0,0,0,1,0,0,0,0,1],"children":[{"uuid":"F4D61601-B17F-4586-9A2B-2A0AC67EB6EF","type":"Mesh","name":"Body","castShadow":true,"receiveShadow":true,"userData":{"isEntity":true,"lock":false,"scaleLock":false,"hiddenMatrix":{"elements":[1,0,0,0,0,0.484809620246337,0.874619707139396,0,0,-0.874619707139396,0.484809620246337,0,0,547.3539224381095,851.2598834347434,1]},"type":"Mesh3D","positionToCenter":{"x":0,"y":0,"z":0}},"layers":1,"matrix":[0.20014642227653007,0.7698631129059473,0.6060133637442899,0,0.5341126925783763,-1.146797373518008,1.2804606263836757,0,1.6807539376400014,0.06739981621128427,-0.640721051536717,0,111.42849212133298,-526.6513477891431,854.5368973162467,1],"geometry":"C01A4869-E97B-409A-BE41-776C19BD337A","material":"63CBF09F-4079-4E42-86AE-CC9EB1627585","interaction":{"uuid":"510F5C4D-2459-4B30-AD70-432B52346F32"}},{"uuid":"38C7DCC3-F539-4E8D-AE23-C1B9531CD71D","type":"Mesh","name":"Ring","castShadow":true,"receiveShadow":true,"userData":{"isEntity":true,"lock":false,"scaleLock":false,"hiddenMatrix":{"elements":[1,0,0,0,0,0.484809620246337,0.874619707139396,0,0,-0.874619707139396,0.484809620246337,0,0,547.3539224381095,851.2598834347434,1]},"type":"Mesh3D","positionToCenter":{"x":0,"y":0,"z":0}},"layers":1,"matrix":[0.3269388068916618,-0.49381604100057513,0.8057646890989787,0,-0.14556253516871684,-0.8687586929685234,-0.4733602029605842,0,0.9337679395350396,0.03747066909124789,-0.35591204539091065,0,102.21004468116564,-470.09590912301314,834.0756249272176,1],"geometry":"D2BFB4F0-C12E-4DA2-A937-608694199EEE","material":"8680AE0F-505E-4D5B-9640-BE3F9EB49A2B","interaction":{"uuid":"46447E87-6FF0-41A2-B768-601EFCF803C2"}}],"enableHelper":true,"interaction":{"uuid":"39E63465-DB40-4279-BFA8-777C942C8B4F"}},{"uuid":"6DEF9BC6-3A33-42FD-8416-9DF6F0B3F02D","type":"Group","name":"Right shoe","userData":{"type":"EmptyObject","isEntity":true,"lock":false,"scaleLock":false,"hiddenMatrix":{"elements":[0.9945218953682733,0,0.10452846326765354,0,0.016351854232752806,0.9876883405951378,-0.15557750067273232,0,-0.10324154442978854,0.15643446504023087,0.9822776805218212,0,80.3829228168202,-115.77906978405878,-44.66862787999332,1]},"positionToCenter":{"x":0,"y":0,"z":0}},"layers":1,"matrix":[0.9999999999999998,0,0,0,0,0.9999999999999997,0,0,0,0,0.9999999999999998,0,-6.9790022304297565,-0.14542572243433938,0.9181818752925182,1],"children":[{"uuid":"B0BF9BAF-C431-43CD-A198-7473730EA584","type":"Mesh","name":"Body","castShadow":true,"receiveShadow":true,"userData":{"isEntity":true,"lock":false,"scaleLock":false,"hiddenMatrix":{"elements":[1,0,0,0,0,1,0,0,0,0,1,0,0,0,0,1]},"type":"Mesh3D","positionToCenter":{"x":0,"y":0,"z":0}},"layers":1,"matrix":[0.2001464222765299,0.7698631129059473,0.6060133637442904,0,0.5341126925783756,-1.1467973735180086,1.2804606263836757,0,1.6807539376400014,0.06739981621128426,-0.6407210515367162,0,31.63380562017243,-550.1974660687154,1105.1898618512237,1],"geometry":"983287C4-6DB1-4CC7-92D7-E8CA42FA732C","material":"1F18B4F0-9014-41CB-A48C-B9297A4B0E5F","interaction":{"uuid":"23F4E2E5-9707-4EAA-B5CF-59B49E2582D1"}},{"uuid":"ECF8BC1C-4BF3-4592-8BF5-830B99F9B955","type":"Mesh","name":"Ring","castShadow":true,"receiveShadow":true,"userData":{"isEntity":true,"lock":false,"scaleLock":false,"hiddenMatrix":{"elements":[1,0,0,0,0,1,0,0,0,0,1,0,0,0,0,1]},"type":"Mesh3D","positionToCenter":{"x":0,"y":0,"z":0}},"layers":1,"matrix":[0.3269388068916617,-0.49381604100057525,0.8057646890989782,0,-0.14556253516871598,-0.8687586929685208,-0.47336020296058334,0,0.9337679395350392,0.03747066909124843,-0.3559120453909101,0,22.415358180005075,-493.6420274025855,1084.7285894621943,1],"geometry":"435DAD5B-1E2F-4684-8616-14FCD40C2C12","material":"809930A4-8D65-47CE-8738-63696D5D7C11","interaction":{"uuid":"F8305922-E992-4103-92D2-4168BAF152B6"}}],"enableHelper":true,"interaction":{"uuid":"E57EFA55-91C3-401E-97B6-47203DF79DA0"}}],"enableHelper":true,"interaction":{"uuid":"8C58EABE-A4FB-482D-AFB5-A12447B34DAD"}},{"uuid":"E0289CE8-26ED-4856-BEA3-3601BC2DEC89","type":"OrthographicCamera","name":"Default Camera","userData":{"type":"CombinedCamera","lock":false,"scaleLock":false,"activeCamera":false,"hiddenMatrix":{"elements":[1,0,0,0,0,1,0,0,0,0,1,0,0,0,0,1]},"isDefaultCamera":true},"layers":1,"matrix":[0.5317092824632879,0,-0.8469269383733019,0,0.06259053029557093,0.9972654266036679,0.0392949668319392,0,0.8446109544989895,-0.07390310481301841,0.5302552844048812,0,638.3387758366463,-23.69841188165485,1280.77832140897,1],"children":[{"uuid":"68316270-2B8C-47A2-B9FE-73AFDFB56BFD","type":"DirectionalLight","name":"Default Directional Light","userData":{"isDefaultDirectionalLight":true},"layers":1,"matrix":[1,0,0,0,0,1,0,0,0,0,1,0,850000,1300000,1000000,1],"color":16777215,"intensity":0.75,"shadow":{"camera":{"uuid":"60B7BFD2-5AFA-47A5-9539-FEBD841A165A","type":"OrthographicCamera","layers":1,"zoom":1,"left":-5,"right":5,"top":5,"bottom":-5,"near":0.5,"far":500}}}],"left":-960,"right":960,"top":508,"bottom":-508,"zoomOrtho":1.25,"nearOrtho":-50000,"far":100000,"isOrthographicCamera":true,"aspect":1.889763779527559,"fov":45,"focus":10,"filmGauge":35,"filmOffset":0,"zoomPersp":1,"nearPersp":50,"targetOffset":1000,"enableHelper":false,"interaction":{"uuid":"45B9B889-C6A5-4006-8C9D-8469F2C2B516"}},{"uuid":"8E3B6FB8-A6D0-47FD-8D72-C50372A8CDC7","type":"HemisphereLight","name":"Default Ambient Light","userData":{"isDefaultHemisphereLight":true},"layers":1,"matrix":[1,0,0,0,0,1,0,0,0,0,1,0,0,1,0,1],"color":13882323,"intensity":0.75,"groundColor":8553090}]},"metadata":{"version":1.1,"type":"Object","generator":"Object3D.toJSON"},"geometries":[{"uuid":"22126560-4116-4726-94AD-5AACE44042F8","type":"BufferGeometry","userData":{"type":"HelixGeometry","parameters":{"height":584,"width":618,"depth":768,"radius":20,"revolutions":0.15,"segments":128,"pathRadius":80,"pathType":0,"pathSegments":64,"cornerRadius":100,"cornerSegments":20}},"data":{"attributes":{"position":{"itemSize":3,"type":"Float32Array","array":[36.27821350097656,-283.2967834472656,228.14505004882812,36.27821350097656,-283.2967834472656,228.14505004882812,36.27821350097656,-283.2967834472656,228.14505004882812,36.27821350097656,-283.2967834472656,228.14505004882812,36.27821350097656,-283.2967834472656,228.14505004882812,36.27821350097656,-283.2967834472656,228.14505004882812,36.27821350097656,-283.2967834472656,228.14505004882812,36.27821350097656,-283.2967834472656,228.14505004882812,36.27821350097656,-283.2967834472656,228.14505004882812,36.27821350097656,-283.2967834472656,228.14505004882812,36.27821350097656,-283.2967834472656,228.14505004882812,36.27821350097656,-283.2967834472656,228.14505004882812,36.27821350097656,-283.2967834472656,228.14505004882812,36.27821350097656,-283.2967834472656,228.14505004882812,36.27821350097656,-283.2967834472656,228.14505004882812,36.27821350097656,-283.2967834472656,228.14505004882812,36.27821350097656,-283.2967834472656,228.14505004882812,36.27821350097656,-283.2967834472656,228.14505004882812,36.27821350097656,-283.2967834472656,228.14505004882812,36.27821350097656,-283.2967834472656,228.14505004882812,36.27821350097656,-283.2967834472656,228.14505004882812,36.27821350097656,-283.2967834472656,228.14505004882812,36.27821350097656,-283.2967834472656,228.14505004882812,36.27821350097656,-283.2967834472656,228.14505004882812,36.27821350097656,-283.2967834472656,228.14505004882812,36.27821350097656,-283.2967834472656,228.14505004882812,36.27821350097656,-283.2967834472656,228.14505004882812,36.27821350097656,-283.2967834472656,228.14505004882812,36.27821350097656,-283.2967834472656,228.14505004882812,36.27821350097656,-283.2967834472656,228.14505004882812,36.27821350097656,-283.2967834472656,228.14505004882812,36.27821350097656,-283.2967834472656,228.14505004882812,36.27821350097656,-283.2967834472656,228.14505004882812,36.27821350097656,-283.2967834472656,228.14505004882812,36.27821350097656,-283.2967834472656,228.14505004882812,36.27821350097656,-283.2967834472656,228.14505004882812,36.27821350097656,-283.2967834472656,228.14505004882812,36.27821350097656,-283.2967834472656,228.14505004882812,36.27821350097656,-283.2967834472656,228.14505004882812,36.27821350097656,-283.2967834472656,228.14505004882812,36.27821350097656,-283.2967834472656,228.14505004882812,36.27821350097656,-283.2967834472656,228.14505004882812,36.27821350097656,-283.2967834472656,228.14505004882812,36.27821350097656,-283.2967834472656,228.14505004882812,36.27821350097656,-283.2967834472656,228.14505004882812,36.27821350097656,-283.2967834472656,228.14505004882812,36.27821350097656,-283.2967834472656,228.14505004882812,36.27821350097656,-283.2967834472656,228.14505004882812,36.27821350097656,-283.2967834472656,228.14505004882812,36.27821350097656,-283.2967834472656,228.14505004882812,36.27821350097656,-283.2967834472656,228.14505004882812,36.27821350097656,-283.2967834472656,228.14505004882812,36.27821350097656,-283.2967834472656,228.14505004882812,36.27821350097656,-283.2967834472656,228.14505004882812,36.27821350097656,-283.2967834472656,228.14505004882812,36.27821350097656,-283.2967834472656,228.14505004882812,36.27821350097656,-283.2967834472656,228.14505004882812,36.27821350097656,-283.2967834472656,228.14505004882812,36.27821350097656,-283.2967834472656,228.14505004882812,36.27821350097656,-283.2967834472656,228.14505004882812,36.27821350097656,-283.2967834472656,228.14505004882812,36.27821350097656,-283.2967834472656,228.14505004882812,36.27821350097656,-283.2967834472656,228.14505004882812,36.27821350097656,-283.2967834472656,228.14505004882812,36.27821350097656,-283.2967834472656,228.14505004882812,36.166378021240234,-283.0769958496094,234.42442321777344,36.71470260620117,-282.7980041503906,234.39419555664062,37.257747650146484,-282.52166748046875,234.30381774902344,37.790279388427734,-282.2507019042969,234.15414428710938,38.30717086791992,-281.9877014160156,233.94662475585938,38.80344772338867,-281.73516845703125,233.6832733154297,39.274330139160156,-281.4955749511719,233.36660766601562,39.71527862548828,-281.27117919921875,232.99966430664062,40.122047424316406,-281.064208984375,232.5860137939453,40.490726470947266,-280.8766174316406,232.12960815429688,40.817752838134766,-280.710205078125,231.63485717773438,41.09999084472656,-280.56658935546875,231.1065216064453,41.33470916748047,-280.4471740722656,230.54969787597656,41.519657135009766,-280.3530578613281,229.9697265625,41.65304946899414,-280.2851867675781,229.37222290039062,41.733604431152344,-280.24420166015625,228.76292419433594,41.76054000854492,-280.2304992675781,228.14768981933594,41.733604431152344,-280.24420166015625,227.532470703125,41.65304946899414,-280.2851867675781,226.92315673828125,41.519657135009766,-280.3530578613281,226.32565307617188,41.33470916748047,-280.4471740722656,225.74569702148438,41.09999084472656,-280.56658935546875,225.18885803222656,40.817752838134766,-280.710205078125,224.6605224609375,40.490726470947266,-280.8766174316406,224.165771484375,40.122047424316406,-281.064208984375,223.70938110351562,39.71527862548828,-281.27117919921875,223.29571533203125,39.274330139160156,-281.4955749511719,222.9287872314453,38.80344772338867,-281.73516845703125,222.6121063232422,38.30717086791992,-281.9877014160156,222.3487548828125,37.790279388427734,-282.2507019042969,222.1412353515625,37.257747650146484,-282.52166748046875,221.9915771484375,36.71470260620117,-282.7980041503906,221.90118408203125,36.166378021240234,-283.0769958496094,221.8709716796875,35.61805725097656,-283.35601806640625,221.90118408203125,35.07501220703125,-283.63232421875,221.9915771484375,34.54248046875,-283.9032897949219,222.1412353515625,34.02558517456055,-284.16632080078125,222.3487548828125,33.5293083190918,-284.4188537597656,222.6121063232422,33.05842971801758,-284.658447265625,222.9287872314453,32.61748123168945,-284.8828125,223.29571533203125,32.21070861816406,-285.08978271484375,223.70938110351562,31.84203338623047,-285.27740478515625,224.165771484375,31.515003204345703,-285.44378662109375,224.6605224609375,31.232769012451172,-285.58740234375,225.18885803222656,30.998048782348633,-285.70684814453125,225.74569702148438,30.813100814819336,-285.80096435546875,226.32565307617188,30.67970848083496,-285.86883544921875,226.92315673828125,30.59915542602539,-285.9098205566406,227.532470703125,30.57221794128418,-285.92352294921875,228.14768981933594,30.59915542602539,-285.9098205566406,228.76292419433594,30.67970848083496,-285.86883544921875,229.37222290039062,30.813100814819336,-285.80096435546875,229.9697265625,30.998048782348633,-285.70684814453125,230.54969787597656,31.232769012451172,-285.58740234375,231.1065216064453,31.515003204345703,-285.44378662109375,231.63485717773438,31.84203338623047,-285.27740478515625,232.12960815429688,32.21070861816406,-285.08978271484375,232.5860137939453,32.61748123168945,-284.8828125,232.99966430664062,33.05842971801758,-284.658447265625,233.36660766601562,33.5293083190918,-284.4188537597656,233.6832733154297,34.02558517456055,-284.16632080078125,233.94662475585938,34.54248046875,-283.9032897949219,234.15414428710938,35.07501220703125,-283.63232421875,234.30381774902344,35.61805725097656,-283.35601806640625,234.39419555664062,36.166378021240234,-283.0769958496094,234.42442321777344,35.83156967163086,-282.41900634765625,240.6703338623047,36.924835205078125,-281.8627014160156,240.61007690429688,38.007572174072266,-281.311767578125,240.42987060546875,39.06935501098633,-280.7715148925781,240.13145446777344,40.09995651245117,-280.2471008300781,239.71771240234375,41.089447021484375,-279.74359130859375,239.19261169433594,42.02830505371094,-279.265869140625,238.56121826171875,42.90748596191406,-278.8185119628906,237.82962036132812,43.7185173034668,-278.40582275390625,237.00485229492188,44.45359802246094,-278.03179931640625,236.09486389160156,45.10564041137695,-277.70001220703125,235.10841369628906,45.66836929321289,-277.4136657714844,234.05499267578125,46.13636779785156,-277.175537109375,232.9447784423828,46.50511932373047,-276.9879150390625,231.78842163085938,46.77108383178711,-276.8525695800781,230.5970916748047,46.93169403076172,-276.7708435058594,229.3822479248047,46.98540115356445,-276.7435302734375,228.15557861328125,46.93169403076172,-276.7708435058594,226.92892456054688,46.77108383178711,-276.8525695800781,225.71408081054688,46.50511932373047,-276.9879150390625,224.52273559570312,46.13636779785156,-277.175537109375,223.36639404296875,45.66836929321289,-277.4136657714844,222.25616455078125,45.10564041137695,-277.70001220703125,221.2027587890625,44.45359802246094,-278.03179931640625,220.21630859375,43.7185173034668,-278.40582275390625,219.3063201904297,42.90748596191406,-278.8185119628906,218.48153686523438,42.02830505371094,-279.265869140625,217.74993896484375,41.089447021484375,-279.74359130859375,217.11854553222656,40.09995651245117,-280.2471008300781,216.5934600830078,39.06935501098633,-280.7715148925781,216.17970275878906,38.007572174072266,-281.311767578125,215.88128662109375,36.924835205078125,-281.8627014160156,215.70108032226562,35.83156967163086,-282.41900634765625,215.6408233642578,34.73830032348633,-282.9753112792969,215.70108032226562,33.65556335449219,-283.5262451171875,215.88128662109375,32.593780517578125,-284.0665283203125,216.17970275878906,31.563180923461914,-284.5909118652344,216.5934600830078,30.573686599731445,-285.09442138671875,217.11854553222656,29.634830474853516,-285.5721435546875,217.74993896484375,28.755651473999023,-286.0195007324219,218.48153686523438,27.944616317749023,-286.43218994140625,219.3063201904297,27.209537506103516,-286.80621337890625,220.21630859375,26.5574951171875,-287.13800048828125,221.2027587890625,25.99476432800293,-287.4243469238281,222.25616455078125,25.526769638061523,-287.6624755859375,223.36639404296875,25.15801429748535,-287.85009765625,224.52273559570312,24.892051696777344,-287.9854431152344,225.71408081054688,24.731443405151367,-288.0671691894531,226.92892456054688,24.677734375,-288.094482421875,228.15557861328125,24.731443405151367,-288.0671691894531,229.3822479248047,24.892051696777344,-287.9854431152344,230.5970916748047,25.15801429748535,-287.85009765625,231.78842163085938,25.526769638061523,-287.6624755859375,232.9447784423828,25.99476432800293,-287.4243469238281,234.05499267578125,26.5574951171875,-287.13800048828125,235.10841369628906,27.209537506103516,-286.80621337890625,236.09486389160156,27.944616317749023,-286.43218994140625,237.00485229492188,28.755651473999023,-286.0195007324219,237.82962036132812,29.634830474853516,-285.5721435546875,238.56121826171875,30.573686599731445,-285.09442138671875,239.19261169433594,31.563180923461914,-284.5909118652344,239.71771240234375,32.593780517578125,-284.0665283203125,240.13145446777344,33.65556335449219,-283.5262451171875,240.42987060546875,34.73830032348633,-282.9753112792969,240.6100769042