var SPLINE_EXPORTED_SCENE = {"scenes":[{"nodes":[0]}],"nodes":[{"children":[1,2,3,4,5,6,7,8,9,10,11,12,13,14,15,16,17]},{"spe_empty_object":true,"spe_interaction":0,"translation":[-6.9790022304297565,-0.14542572243433938,0.9181818752925182],"rotation":[0,0,0,1],"scale":[0.9999999999999998,0.9999999999999997,0.9999999999999998],"hiddenMatrix":[0.9945218953682733,0,0.10452846326765354,0,0.016351854232752806,0.9876883405951378,-0.15557750067273232,0,-0.10324154442978854,0.15643446504023087,0.9822776805218212,0,80.3829228168202,-115.77906978405878,-44.66862787999332,1],"visible":true,"uuid":"6DEF9BC6-3A33-42FD-8416-9DF6F0B3F02D","children":[18,19]},{"spe_empty_object":true,"spe_interaction":1,"translation":[0,0,0],"rotation":[0,0,0,1],"scale":[1,1,1],"hiddenMatrix":[1,0,0,0,0,1,0,0,0,0,1,0,0,0,0,1],"visible":true,"uuid":"11275D80-14F8-45E5-B915-8DD8F9248A41","children":[20,21]},{"spe_empty_object":true,"spe_interaction":2,"translation":[0,-13.355305262806858,9.758429456833655],"rotation":[0,0,0,1],"scale":[1,1.0000000000000002,1.0000000000000002],"hiddenMatrix":[1,0,0,0,0,0.9975640502598242,-0.0697564737441253,0,0,0.0697564737441253,0.9975640502598242,0,0,-45.89843353081462,1.3978843020181557,1],"visible":true,"uuid":"E3ED700E-7E5A-4E08-A9B1-86F3B0CCD6A3","children":[22,23]},{"spe_empty_object":true,"spe_interaction":3,"translation":[0,-13.355305262806631,9.758429456833671],"rotation":[0,0,0,1],"scale":[1,1.0000000000000002,1.0000000000000002],"hiddenMatrix":[1,0,0,0,0,0.9975640502598242,-0.0697564737441253,0,0,0.0697564737441253,0.9975640502598242,0,0,-45.89843353081462,1.3978843020181557,1],"visible":true,"uuid":"5B697D2C-3EB1-47D7-8B14-1DBE509F40C1","children":[24,25]},{"spe_interaction":4,"camera":0,"translation":[372.3777658063368,-62.64621788898701,1148.0986137174477],"rotation":[-0.01501070946440043,0.5098944084949072,0.00889923607026224,0.8600599830153532],"hiddenMatrix":[1,0,0,0,0,1,0,0,0,0,1,0,0,0,0,1],"visible":true,"uuid":"9D90DCB5-4414-4074-A706-26F5A4FFB153","children":[26]},{"spe_empty_object":true,"spe_interaction":5,"translation":[126.31371899730978,257.41924751541603,839.5350146651023],"rotation":[-0.10702484534042556,0.8389278649632472,-0.23405293134084398,-0.4795466037819722],"scale":[0.3815642918333256,0.38251335483317506,0.3787615740740737],"hiddenMatrix":[0.882947592858927,-0.4636915888046025,-0.07344153277601198,0,0.46947156278589075,0.8720770428233049,0.1381234343474458,0,0,-0.15643446504023087,0.9876883405951378,0,-67.67199103576098,198.6053015268368,-5.73044676720076,1],"visible":true,"uuid":"D6CBC97D-B177-4775-BCAC-6776E52DF7F0","children":[27,28,29,30,31]},{"spe_empty_object":true,"spe_interaction":6,"translation":[-198.95932468301226,225.549879251025,846.1152415475245],"rotation":[0.23513608623071808,0.6050598033983686,0.29159557721637486,0.7025565276982891],"scale":[0.3815642918333261,0.38251335483317345,0.3787615740740742],"hiddenMatrix":[1,0,0,0,0,1,0,0,0,0,1,0,0,0,0,1],"visible":true,"uuid":"3A383BEA-0C09-4D4E-BFD3-DC5BE2D501E4","children":[32,33,34,35,36]},{"spe_empty_object":true,"spe_interaction":7,"translation":[0,1.6446947371929426,9.758429456833646],"rotation":[0,0,0,1],"scale":[1,1.0000000000000002,1.0000000000000002],"hiddenMatrix":[1,0,0,0,0,0.9975640502598242,-0.0697564737441253,0,0,0.0697564737441253,0.9975640502598242,0,0,-45.89843353081462,1.3978843020181557,1],"visible":true,"uuid":"25A6DD90-DF29-4DF9-9A64-4364D9659A71","children":[37,38]},{"mesh_spe":0,"material":0,"spe_interaction":8,"translation":[87.51336785521262,-334.9985647121183,870.1380037762822],"rotation":[0.554654275297436,-0.41951035643174955,0.47439895221910816,0.5397363521889186],"scale":[-1.0000000000000246,1.0000000000000333,1.0000000000000295],"visible":true,"castShadow":true,"receiveShadow":true,"hiddenMatrix":[1,0,0,0,0,0.8571673007021122,0.5150380749100544,0,0,-0.5150380749100544,0.8571673007021122,0,0,435.0560813614009,327.968010983535,1],"type":"mesh3d","uuid":"BE673D35-3A5F-42E4-A2F9-B120633B7676","spe_cloner_data":{}},{"mesh_spe":1,"material":1,"spe_interaction":9,"translation":[-6.517884830138996,-396.2686703014267,1011.5958921206255],"rotation":[0.3853924727639282,-0.23894799759346114,0.6187567655742239,0.6414955661881889],"scale":[-0.9999999999999996,1,0.9999999999999998],"visible":true,"castShadow":true,"receiveShadow":true,"hiddenMatrix":[0.9945218953682733,0,0.10452846326765354,0,0.016351854232752806,0.9876883405951378,-0.15557750067273232,0,-0.10324154442978854,0.15643446504023087,0.9822776805218212,0,80.3829228168202,-115.77906978405878,-44.66862787999332,1],"type":"mesh3d","uuid":"17856147-1342-4263-9644-F94F3A90AA31","spe_cloner_data":{}},{"mesh_spe":2,"material":2,"spe_interaction":10,"translation":[87.32552442959295,228.85444134182092,725.4430123952502],"rotation":[0.8002925683740646,-0.38089999364114957,0.3190827350347806,-0.3356087127178606],"scale":[-1.000000000000002,1,1.000000000000002],"visible":true,"castShadow":true,"receiveShadow":true,"hiddenMatrix":[0.882947592858927,-0.4636915888046025,-0.07344153277601198,0,0.46947156278589075,0.8720770428233049,0.1381234343474458,0,0,-0.15643446504023087,0.9876883405951378,0,-67.67199103576098,198.6053015268368,-5.73044676720076,1],"type":"mesh3d","uuid":"1BC3325B-08F8-4241-801F-FADAC64600F8","spe_cloner_data":{}},{"mesh_spe":3,"material":3,"spe_interaction":11,"translation":[-120.49837382625626,176.82790351132354,920.7195518863035],"rotation":[0.36884548777091525,0.03302780387305558,-0.7541344231419612,0.5423499259285467],"scale":[-1.0000000000000013,1.0000000000000004,0.9999999999999984],"visible":true,"castShadow":true,"receiveShadow":true,"hiddenMatrix":[1,0,0,0,0,1,0,0,0,0,1,0,0,0,0,1],"type":"mesh3d","uuid":"B93DBE65-DFD5-426A-9232-774680D5F4EC","spe_cloner_data":{}},{"mesh_spe":4,"material":4,"spe_interaction":12,"translation":[-126.53912778261565,-119.1584407712099,636.1654634194128],"rotation":[-0.023328511456641308,-0.4744511208709061,0.22050933485378568,0.8518964418870989],"scale":[0.9999999999999994,1,0.9999999999999998],"visible":true,"castShadow":true,"receiveShadow":true,"hiddenMatrix":[-0.12186934340514743,0.06923651956680048,0.9901283591011188,0,-0.37181433267442887,0.9217406848455891,-0.11021892722329174,0,-0.9202727667142321,-0.38157622339273206,-0.08658880173251302,0,555.1416680453631,349.1305173051987,1177.5403132213628,1],"type":"mesh3d","uuid":"81ABE5D1-A8F8-49DF-A3B7-39FC1648D728","spe_cloner_data":{}},{"mesh_spe":5,"material":5,"spe_interaction":13,"translation":[-112.2231496016791,-99.01646585623,477.44160366760593],"rotation":[-0.061048539534857144,-5.909081446360212e-17,1.7379651312824152e-17,0.9981347984218669],"scale":[1.0000000000000009,0.9999999999999996,0.9999999999999993],"visible":true,"castShadow":true,"receiveShadow":true,"hiddenMatrix":[-0.12186934340514743,0.06923651956680048,0.9901283591011188,0,-0.37181433267442887,0.9217406848455891,-0.11021892722329174,0,-0.9202727667142321,-0.38157622339273206,-0.08658880173251302,0,555.1416680453631,349.1305173051987,1177.5403132213628,1],"type":"mesh3d","uuid":"6185B8A7-8B2B-43F4-A027-A7E3755519AC","spe_cloner_data":{}},{"mesh_spe":6,"material":6,"spe_interaction":14,"translation":[-154.61209978603392,-103.9025243687824,445.4699689417697],"rotation":[-4.818443736593165e-17,-1.7363761212948338e-17,-0.04361938736533599,0.9990482215818578],"scale":[1.1999999999999995,0.9999999999999994,1.1999999999999993],"visible":true,"castShadow":true,"receiveShadow":true,"hiddenMatrix":[-0.12186934340514743,-1.3290981742686457e-17,0.992546151641322,0,-0.37181433267442887,0.9271838545667874,-0.045653059574836286,0,-0.9202727667142321,-0.374606593415912,-0.11299528757190819,0,555.1416680453631,312.02313170359844,1200.8332317123707,1],"type":"mesh3d","uuid":"FF41DB00-8965-424F-B245-E796BA275904","spe_cloner_data":{}},{"spe_interaction":15,"camera":1,"translation":[638.3387758366463,-23.69841188165485,1280.77832140897],"rotation":[0.03235958688989562,0.48355476932181596,-0.01789256366430685,0.8745327314446038],"hiddenMatrix":[1,0,0,0,0,1,0,0,0,0,1,0,0,0,0,1],"visible":true,"uuid":"E0289CE8-26ED-4856-BEA3-3601BC2DEC89"},{"visible":true,"extensions":{"KHR_lights_punctual":{"light":0}}},{"mesh_spe":7,"material":7,"spe_interaction":16,"translation":[31.63380562017243,-550.1974660687154,1105.1898618512237],"rotation":[0.740474883769463,0.3601041743411346,0.5198574540042922,0.22753056419932946],"scale":[1,1.8,1.8],"visible":true,"castShadow":true,"receiveShadow":true,"hiddenMatrix":[1,0,0,0,0,1,0,0,0,0,1,0,0,0,0,1],"type":"mesh3d","uuid":"B0BF9BAF-C431-43CD-A198-7473730EA584","spe_cloner_data":{}},{"mesh_spe":8,"material":8,"spe_interaction":17,"translation":[22.415358180005075,-493.6420274025855,1084.7285894621943],"rotation":[0.7986879154668444,-0.2001340460358555,0.5444969790287978,-0.159896895320259],"scale":[0.9999999999999991,1.0000000000000004,0.9999999999999999],"visible":true,"castShadow":true,"receiveShadow":true,"hiddenMatrix":[1,0,0,0,0,1,0,0,0,0,1,0,0,0,0,1],"type":"mesh3d","uuid":"ECF8BC1C-4BF3-4592-8BF5-830B99F9B955","spe_cloner_data":{}},{"mesh_spe":9,"material":9,"spe_interaction":18,"translation":[111.42849212133298,-526.6513477891431,854.5368973162467],"rotation":[0.7404748837694631,0.3601041743411348,0.519857454004292,0.22753056419932943],"scale":[0.9999999999999998,1.8,1.8000000000000003],"visible":true,"castShadow":true,"receiveShadow":true,"hiddenMatrix":[1,0,0,0,0,0.484809620246337,0.874619707139396,0,0,-0.874619707139396,0.484809620246337,0,0,547.3539224381095,851.2598834347434,1],"type":"mesh3d","uuid":"F4D61601-B17F-4586-9A2B-2A0AC67EB6EF","spe_cloner_data":{}},{"mesh_spe":10,"material":10,"spe_interaction":19,"translation":[102.21004468116564,-470.09590912301314,834.0756249272176],"rotation":[0.7986879154668445,-0.20013404603585555,0.5444969790287978,-0.15989689532025866],"scale":[0.9999999999999994,1.000000000000003,1.0000000000000002],"visible":true,"castShadow":true,"receiveShadow":true,"hiddenMatrix":[1,0,0,0,0,0.484809620246337,0.874619707139396,0,0,-0.874619707139396,0.484809620246337,0,0,547.3539224381095,851.2598834347434,1],"type":"mesh3d","uuid":"38C7DCC3-F539-4E8D-AE23-C1B9531CD71D","spe_cloner_data":{}},{"mesh_spe":11,"material":11,"spe_interaction":20,"translation":[-213.13960343205224,187.96554562627705,561.1691731322595],"rotation":[-3.189250306701418e-17,0.7071067811865475,0.7071067811865476,8.586443133426906e-17],"scale":[-1.0000000000000004,0.9999999999999978,1.0000000000000009],"visible":true,"castShadow":true,"receiveShadow":true,"hiddenMatrix":[-0.12186934340514743,-1.3290981742686457e-17,0.992546151641322,0,-0.37181433267442887,0.9271838545667874,-0.045653059574836286,0,-0.9202727667142321,-0.374606593415912,-0.11299528757190819,0,555.1416680453631,312.02313170359844,1200.8332317123707,1],"type":"mesh3d","uuid":"D3A9F035-C93F-49CE-B3D9-9842773EB3B7","spe_cloner_data":{}},{"mesh_spe":12,"material":12,"spe_interaction":21,"translation":[-215.91075942799102,186.5533825932529,571.7574687998672],"rotation":[-7.359808400080212e-18,0.7071067811865475,0.7071067811865476,9.077097026765581e-17],"scale":[-1.0000000000000002,0.9999999999999987,1.0000000000000007],"visible":true,"castShadow":true,"receiveShadow":true,"hiddenMatrix":[-0.12186934340514743,-1.3290981742686457e-17,0.992546151641322,0,-0.37181433267442887,0.9271838545667874,-0.045653059574836286,0,-0.9202727667142321,-0.374606593415912,-0.11299528757190819,0,555.1416680453631,312.02313170359844,1200.8332317123707,1],"type":"mesh3d","uuid":"6DD3C719-6D46-4A30-83B2-F94879ECEC44","spe_cloner_data":{}},{"mesh_spe":13,"material":13,"spe_interaction":22,"translation":[-234.2073212379304,162.75651062875068,510.05763275543836],"rotation":[-3.189250306701418e-17,0.7071067811865475,0.7071067811865476,8.586443133426906e-17],"scale":[-1.0000000000000004,0.9999999999999978,1.0000000000000009],"visible":true,"castShadow":true,"receiveShadow":true,"hiddenMatrix":[-0.12186934340514743,-1.3290981742686457e-17,0.992546151641322,0,-0.37181433267442887,0.9271838545667874,-0.045653059574836286,0,-0.9202727667142321,-0.374606593415912,-0.11299528757190819,0,555.1416680453631,312.02313170359844,1200.8332317123707,1],"type":"mesh3d","uuid":"C0DAD8E7-D783-4085-AD44-BE545ED2ABFE","spe_cloner_data":{}},{"mesh_spe":14,"material":14,"spe_interaction":23,"translation":[-236.25139586589648,163.37659779518094,521.9430937363745],"rotation":[1.9626155733547153e-17,0.7071067811865475,0.7071067811865476,1.0549058706781616e-16],"scale":[-1.0000000000000009,0.9999999999999978,1.000000000000001],"visible":true,"castShadow":true,"receiveShadow":true,"hiddenMatrix":[-0.12186934340514743,-1.3290981742686457e-17,0.992546151641322,0,-0.37181433267442887,0.9271838545667874,-0.045653059574836286,0,-0.9202727667142321,-0.374606593415912,-0.11299528757190819,0,555.1416680453631,312.02313170359844,1200.8332317123707,1],"type":"mesh3d","uuid":"36541CDF-DDF5-4D19-B743-5E1DB5E585DF","spe_cloner_data":{}},{"spe_interaction":null,"translation":[850000,1300000,1000000],"rotation":[0,0,0.5,0],"hiddenMatrix":[1,0,0,0,0,1,0,0,0,0,1,0,0,0,0,1],"uuid":"68316270-2B8C-47A2-B9FE-73AFDFB56BFD","visible":true,"extensions":{"KHR_lights_punctual":{"light":1}}},{"mesh_spe":15,"material":15,"spe_interaction":24,"translation":[-486.1374453890005,118,72],"rotation":[0,0,0,1],"scale":[1,1,1],"visible":true,"castShadow":true,"receiveShadow":true,"hiddenMatrix":[1,0,0,0,0,1,0,0,0,0,1,0,0,0,0,1],"type":"mesh3d","uuid":"92144796-89E7-4899-9C6D-FBE1DB864715","spe_cloner_data":{}},{"mesh_spe":16,"material":16,"spe_interaction":25,"translation":[-354.8782501594102,159.20359461238544,67.16966624282783],"rotation":[-0.00500380847659242,-0.010377335435491923,-0.29162362559365107,0.9564637650248978],"scale":[1,0.9999999999999998,1],"visible":true,"castShadow":true,"receiveShadow":true,"hiddenMatrix":[1,0,0,0,0,1,0,0,0,0,1,0,0,0,0,1],"type":"mesh3d","uuid":"26577781-4E15-43B2-A428-F8414FF1E35B","spe_cloner_data":{}},{"mesh_spe":17,"material":17,"spe_interaction":26,"translation":[-581.6145150421848,231.13457169624508,70.19722766266734],"rotation":[-0.0009939631710035408,-0.0039463421447561535,0.11343868297105157,0.9935366644601922],"scale":[1,1,1],"visible":true,"castShadow":true,"receiveShadow":true,"hiddenMatrix":[1,0,0,0,0,1,0,0,0,0,1,0,0,0,0,1],"type":"mesh3d","uuid":"1DF5D44A-8D6C-4E9A-BF1B-360F28201C81","spe_cloner_data":{}},{"mesh_spe":18,"material":18,"spe_interaction":27,"translation":[-500.6582225444807,274.4483268967963,70.79311571614943],"rotation":[0,0,0.008726535498373877,0.9999619230641713],"scale":[1,1,1],"visible":true,"castShadow":true,"receiveShadow":true,"hiddenMatrix":[1,0,0,0,0,1,0,0,0,0,1,0,0,0,0,1],"type":"mesh3d","uuid":"BE66E97E-A732-4A51-A47A-6F1DC4CA4D2E","spe_cloner_data":{}},{"mesh_spe":19,"material":19,"spe_interaction":28,"translation":[-413.8309347886656,254.89245361204343,70.79311571614943],"rotation":[0,0,-0.061048539534857,0.9981347984218669],"scale":[1,1,1],"visible":true,"castShadow":true,"receiveShadow":true,"hiddenMatrix":[1,0,0,0,0,1,0,0,0,0,1,0,0,0,0,1],"type":"mesh3d","uuid":"0F3DCCA2-7D40-4CE4-90B8-A56E24AE1198","spe_cloner_data":{}},{"mesh_spe":20,"material":20,"spe_interaction":29,"translation":[-486.1374453890005,118,72],"rotation":[0,0,0,1],"scale":[1,1,1],"visible":true,"castShadow":true,"receiveShadow":true,"hiddenMatrix":[1,0,0,0,0,1,0,0,0,0,1,0,0,0,0,1],"type":"mesh3d","uuid":"AA9AFDC0-39F0-45F0-A05D-CDC00B3DDFB5","spe_cloner_data":{}},{"mesh_spe":21,"material":21,"spe_interaction":30,"translation":[-354.8782501594102,159.20359461238544,67.16966624282783],"rotation":[-0.00500380847659242,-0.010377335435491923,-0.29162362559365107,0.9564637650248978],"scale":[1,0.9999999999999998,1],"visible":true,"castShadow":true,"receiveShadow":true,"hiddenMatrix":[1,0,0,0,0,1,0,0,0,0,1,0,0,0,0,1],"type":"mesh3d","uuid":"EC4D6AFD-55E3-4A6F-8269-7E33E39B84AD","spe_cloner_data":{}},{"mesh_spe":22,"material":22,"spe_interaction":31,"translation":[-581.6145150421848,231.13457169624508,70.19722766266734],"rotation":[-0.0009939631710035408,-0.0039463421447561535,0.11343868297105157,0.9935366644601922],"scale":[1,1,1],"visible":true,"castShadow":true,"receiveShadow":true,"hiddenMatrix":[1,0,0,0,0,1,0,0,0,0,1,0,0,0,0,1],"type":"mesh3d","uuid":"4E2C759F-C8F7-481E-B360-F3DB4B8E19E3","spe_cloner_data":{}},{"mesh_spe":23,"material":23,"spe_interaction":32,"translation":[-500.6582225444807,274.4483268967963,70.79311571614943],"rotation":[0,0,0.008726535498373877,0.9999619230641713],"scale":[1,1,1],"visible":true,"castShadow":true,"receiveShadow":true,"hiddenMatrix":[1,0,0,0,0,1,0,0,0,0,1,0,0,0,0,1],"type":"mesh3d","uuid":"25878502-931E-4989-85EF-6768654264D3","spe_cloner_data":{}},{"mesh_spe":24,"material":24,"spe_interaction":33,"translation":[-413.8309347886656,254.89245361204343,70.79311571614943],"rotation":[0,0,-0.061048539534857,0.9981347984218669],"scale":[1,1,1],"visible":true,"castShadow":true,"receiveShadow":true,"hiddenMatrix":[1,0,0,0,0,1,0,0,0,0,1,0,0,0,0,1],"type":"mesh3d","uuid":"335C37A5-A89D-4215-9A66-CFDDD0968CA0","spe_cloner_data":{}},{"mesh_spe":25,"material":25,"spe_interaction":34,"translation":[-0.8661587035439247,184.7296078952998,879.271935885677],"rotation":[0.7917446542597684,0.06618249140359621,0.5937679950001171,0.12727862505634538],"scale":[1,1.0000000000000038,1.0000000000000016],"visible":true,"castShadow":true,"receiveShadow":true,"hiddenMatrix":[1,0,0,0,0,1,0,0,0,0,1,0,0,0,0,1],"type":"mesh3d","uuid":"A408D98A-DDA5-4A84-897D-BE8584B23743","spe_cloner_data":{}},{"mesh_spe":26,"material":26,"spe_interaction":35,"translation":[2.337455070357117,207.3280975080952,879.0347387249014],"rotation":[0.03754288714379229,-0.6298032144997254,-0.13523719641073675,0.7639694649249308],"scale":[1.0000000000000018,1.0000000000000013,1],"visible":true,"castShadow":true,"receiveShadow":true,"hiddenMatrix":[1,0,0,0,0,1,0,0,0,0,1,0,0,0,0,1],"type":"mesh3d","uuid":"9E32DD7C-1083-46D1-822C-0CEC022AD33C","spe_cloner_data":{}}],"meshes":[],"meshes_spe":[{"type":"HelixGeometry","parameters":{"height":37,"width":280,"depth":809,"radius":20,"revolutions":0.4,"segments":40,"pathRadius":15,"pathType":0,"pathSegments":30,"cornerRadius":30,"cornerSegments":8}},{"type":"HelixGeometry","parameters":{"height":37,"width":280,"depth":809,"radius":20,"revolutions":0.4,"segments":40,"pathRadius":15,"pathType":0,"pathSegments":30,"cornerRadius":30,"cornerSegments":8}},{"type":"HelixGeometry","parameters":{"height":37,"width":280,"depth":809,"radius":20,"revolutions":0.4,"segments":40,"pathRadius":15,"pathType":0,"pathSegments":30,"cornerRadius":30,"cornerSegments":8}},{"type":"HelixGeometry","parameters":{"height":37,"width":280,"depth":809,"radius":20,"revolutions":0.4,"segments":40,"pathRadius":15,"pathType":0,"pathSegments":30,"cornerRadius":30,"cornerSegments":8}},{"type":"HelixGeometry","parameters":{"height":441,"width":101,"depth":46,"radius":20,"revolutions":5,"segments":36,"pathRadius":15.6,"pathType":0,"pathSegments":34,"cornerRadius":64,"cornerSegments":8}},{"type":"HelixGeometry","parameters":{"height":696,"width":546,"depth":675,"radius":20,"revolutions":0.15,"segments":127,"pathRadius":65.5,"pathType":0,"pathSegments":64,"cornerRadius":100,"cornerSegments":20}},{"type":"HelixGeometry","parameters":{"height":584,"width":618,"depth":768,"radius":20,"revolutions":0.15,"segments":128,"pathRadius":80,"pathType":0,"pathSegments":64,"cornerRadius":100,"cornerSegments":20}},{"type":"LatheGeometry","parameters":{"width":162,"height":157,"depth":154,"segments":64,"verticalSegments":64,"points":[{"x":0,"y":-52,"id":0},{"x":44,"y":-54,"id":1},{"x":55,"y":58,"id":2},{"x":0,"y":59,"id":3}]}},{"type":"CylinderGeometry","parameters":{"width":76,"height":9,"depth":74,"radiusTop":38,"radiusBottom":38,"radialSegments":64,"heightSegments":64,"openEnded":false,"thetaLength":360,"cornerRadius":59,"cornerSegments":16,"hollow":0.76}},{"type":"LatheGeometry","parameters":{"width":162,"height":157,"depth":154,"segments":64,"verticalSegments":64,"points":[{"x":0,"y":-52,"id":0},{"x":44,"y":-54,"id":1},{"x":55,"y":58,"id":2},{"x":0,"y":59,"id":3}]}},{"type":"CylinderGeometry","parameters":{"width":76,"height":9,"depth":74,"radiusTop":38,"radiusBottom":38,"radialSegments":64,"heightSegments":64,"openEnded":false,"thetaLength":360,"cornerRadius":59,"cornerSegments":16,"hollow":0.76}},{"type":"SphereGeometry","parameters":{"width":10,"height":10,"depth":10,"widthSegments":64,"heightSegments":64}},{"type":"SphereGeometry","parameters":{"width":25,"height":25,"depth":25,"widthSegments":64,"heightSegments":64}},{"type":"SphereGeometry","parameters":{"width":10,"height":10,"depth":10,"widthSegments":64,"heightSegments":64}},{"type":"SphereGeometry","parameters":{"width":25,"height":25,"depth":25,"widthSegments":64,"heightSegments":64}},{"type":"SphereGeometry","parameters":{"width":269,"height":224,"depth":144,"widthSegments":64,"heightSegments":64}},{"type":"CylinderGeometry","parameters":{"width":75,"height":207,"depth":64,"radiusTop":37.5,"radiusBottom":37.5,"radialSegments":64,"heightSegments":1,"openEnded":false,"thetaLength":360,"cornerRadius":128,"cornerSegments":24,"hollow":0}},{"type":"CylinderGeometry","parameters":{"width":75,"height":258,"depth":64,"radiusTop":37.5,"radiusBottom":37.5,"radialSegments":64,"heightSegments":1,"openEnded":false,"thetaLength":360,"cornerRadius":128,"cornerSegments":24,"hollow":0}},{"type":"CylinderGeometry","parameters":{"width":75,"height":258,"depth":64,"radiusTop":37.5,"radiusBottom":37.5,"radialSegments":64,"heightSegments":1,"openEnded":false,"thetaLength":360,"cornerRadius":128,"cornerSegments":24,"hollow":0}},{"type":"CylinderGeometry","parameters":{"width":75,"height":258,"depth":64,"radiusTop":37.5,"radiusBottom":37.5,"radialSegments":64,"heightSegments":1,"openEnded":false,"thetaLength":360,"cornerRadius":128,"cornerSegments":24,"hollow":0}},{"type":"SphereGeometry","parameters":{"width":269,"height":224,"depth":144,"widthSegments":64,"heightSegments":64}},{"type":"CylinderGeometry","parameters":{"width":75,"height":207,"depth":64,"radiusTop":37.5,"radiusBottom":37.5,"radialSegments":64,"heightSegments":1,"openEnded":false,"thetaLength":360,"cornerRadius":128,"cornerSegments":24,"hollow":0}},{"type":"CylinderGeometry","parameters":{"width":75,"height":258,"depth":64,"radiusTop":37.5,"radiusBottom":37.5,"radialSegments":64,"heightSegments":1,"openEnded":false,"thetaLength":360,"cornerRadius":128,"cornerSegments":24,"hollow":0}},{"type":"CylinderGeometry","parameters":{"width":75,"height":258,"depth":64,"radiusTop":37.5,"radiusBottom":37.5,"radialSegments":64,"heightSegments":1,"openEnded":false,"thetaLength":360,"cornerRadius":128,"cornerSegments":24,"hollow":0}},{"type":"CylinderGeometry","parameters":{"width":75,"height":258,"depth":64,"radiusTop":37.5,"radiusBottom":37.5,"radialSegments":64,"heightSegments":1,"openEnded":false,"thetaLength":360,"cornerRadius":128,"cornerSegments":24,"hollow":0}},{"type":"ConeGeometry","parameters":{"width":110,"height":54,"depth":96,"radialSegments":50,"heightSegments":50,"thetaLength":180,"cornerRadiusTop":42,"cornerRadiusBottom":0,"cornerSegments":24}},{"type":"ConeGeometry","parameters":{"width":110,"height":54,"depth":96,"radialSegments":50,"heightSegments":50,"thetaLength":180,"cornerRadiusTop":42,"cornerRadiusBottom":20,"cornerSegments":24}}],"materials":[{"material_0_Phong":{"extensions":{"KHR_materials_common":{"technique":"PHONG","values":{"ambient":[0.34901960784313724,0.34901960784313724,0.34901960784313724],"diffuse":[0.34901960784313724,0.34901960784313724,0.34901960784313724],"specular":[0.06666666666666667,0.06666666666666667,0.06666666666666667],"shininess":30,"emission":[0,0,0],"transparent":true,"transparency":1}}},"spe_options":{"side":0,"wireframe":false,"flatShading":false,"visible":true},"spe_layers":[{"type":"color","uniforms":{"alpha":{"name":"alpha","value":1,"type":1},"mode":{"name":"mode","value":0,"type":1},"color":{"name":"color","value":0,"type":6}}},{"type":"light","uniforms":{"alpha":{"name":"alpha","value":1,"type":1},"mode":{"name":"mode","value":3,"type":1}}},{"type":"fresnel","uniforms":{"alpha":{"name":"alpha","value":1,"type":1},"mode":{"name":"mode","value":0,"type":1},"bias":{"name":"bias","value":0.1,"type":2},"scale":{"name":"scale","value":1,"type":1},"intensity":{"name":"intensity","value":2,"type":1},"factor":{"name":"factor","value":1,"type":1},"color":{"name":"color","value":16777215,"type":6}}}]}},{"material_1_Phong":{"extensions":{"KHR_materials_common":{"technique":"PHONG","values":{"ambient":[0,0,0],"diffuse":[0,0,0],"specular":[0.06666666666666667,0.06666666666666667,0.06666666666666667],"shininess":30,"emission":[0,0,0],"transparent":true,"transparency":1}}},"spe_options":{"side":0,"wireframe":false,"flatShading":false,"visible":true},"spe_layers":[{"type":"color","uniforms":{"alpha":{"name":"alpha","value":1,"type":1},"mode":{"name":"mode","value":0,"type":1},"color":{"name":"color","value":0,"type":6}}},{"type":"light","uniforms":{"alpha":{"name":"alpha","value":1,"type":1},"mode":{"name":"mode","value":3,"type":1}}},{"type":"fresnel","uniforms":{"alpha":{"name":"alpha","value":1,"type":1},"mode":{"name":"mode","value":0,"type":1},"bias":{"name":"bias","value":0.1,"type":2},"scale":{"name":"scale","value":1,"type":1},"intensity":{"name":"intensity","value":2,"type":1},"factor":{"name":"factor","value":1,"type":1},"color":{"name":"color","value":16777215,"type":6}}}]}},{"material_2_Phong":{"extensions":{"KHR_materials_common":{"technique":"PHONG","values":{"ambient":[0,0,0],"diffuse":[0,0,0],"specular":[0.06666666666666667,0.06666666666666667,0.06666666666666667],"shininess":30,"emission":[0,0,0],"transparent":true,"transparency":1}}},"spe_options":{"side":0,"wireframe":false,"flatShading":false,"visible":true},"spe_layers":[{"type":"color","uniforms":{"alpha":{"name":"alpha","value":1,"type":1},"mode":{"name":"mode","value":0,"type":1},"color":{"name":"color","value":0,"type":6}}},{"type":"light","uniforms":{"alpha":{"name":"alpha","value":1,"type":1},"mode":{"name":"mode","value":3,"type":1}}},{"type":"fresnel","uniforms":{"alpha":{"name":"alpha","value":1,"type":1},"mode":{"name":"mode","value":0,"type":1},"bias":{"name":"bias","value":0.1,"type":2},"scale":{"name":"scale","value":1,"type":1},"intensity":{"name":"intensity","value":2,"type":1},"factor":{"name":"factor","value":1,"type":1},"color":{"name":"color","value":16777215,"type":6}}}]}},{"material_3_Phong":{"extensions":{"KHR_materials_common":{"technique":"PHONG","values":{"ambient":[0,0,0],"diffuse":[0,0,0],"specular":[0.06666666666666667,0.06666666666666667,0.06666666666666667],"shininess":30,"emission":[0,0,0],"transparent":true,"transparency":1}}},"spe_options":{"side":0,"wireframe":false,"flatShading":false,"visible":true},"spe_layers":[{"type":"color","uniforms":{"alpha":{"name":"alpha","value":1,"type":1},"mode":{"name":"mode","value":0,"type":1},"color":{"name":"color","value":0,"type":6}}},{"type":"light","uniforms":{"alpha":{"name":"alpha","value":1,"type":1},"mode":{"name":"mode","value":3,"type":1}}},{"type":"fresnel","uniforms":{"alpha":{"name":"alpha","value":1,"type":1},"mode":{"name":"mode","value":0,"type":1},"bias":{"name":"bias","value":0.1,"type":2},"scale":{"name":"scale","value":1,"type":1},"intensity":{"name":"intensity","value":2,"type":1},"factor":{"name":"factor","value":1,"type":1},"color":{"name":"color","value":16777215,"type":6}}}]}},{"material_4_Phong":{"extensions":{"KHR_materials_common":{"technique":"PHONG","values":{"ambient":[0.34901960784313724,0.34901960784313724,0.34901960784313724],"diffuse":[0.34901960784313724,0.34901960784313724,0.34901960784313724],"specular":[0.06666666666666667,0.06666666666666667,0.06666666666666667],"shininess":30,"emission":[0,0,0],"transparent":true,"transparency":1}}},"spe_options":{"side":0,"wireframe":false,"flatShading":false,"visible":true},"spe_layers":[{"type":"color","uniforms":{"alpha":{"name":"alpha","value":1,"type":1},"mode":{"name":"mode","value":0,"type":1},"color":{"name":"color","value":14263869,"type":6}}},{"type":"light","uniforms":{"alpha":{"name":"alpha","value":1,"type":1},"mode":{"name":"mode","value":3,"type":1}}},{"type":"fresnel","uniforms":{"alpha":{"name":"alpha","value":1,"type":1},"mode":{"name":"mode","value":0,"type":1},"bias":{"name":"bias","value":0.1,"type":2},"scale":{"name":"scale","value":1,"type":1},"intensity":{"name":"intensity","value":2,"type":1},"factor":{"name":"factor","value":1,"type":1},"color":{"name":"color","value":16777215,"type":6}}}]}},{"material_5_Phong":{"extensions":{"KHR_materials_common":{"technique":"PHONG","values":{"ambient":[0.34901960784313724,0.34901960784313724,0.34901960784313724],"diffuse":[0.34901960784313724,0.34901960784313724,0.34901960784313724],"specular":[0.06666666666666667,0.06666666666666667,0.06666666666666667],"shininess":30,"emission":[0,0,0],"transparent":true,"transparency":1}}},"spe_options":{"side":0,"wireframe":false,"flatShading":false,"visible":true},"spe_layers":[{"type":"color","uniforms":{"alpha":{"name":"alpha","value":1,"type":1},"mode":{"name":"mode","value":0,"type":1},"color":{"name":"color","value":10180898,"type":6}}},{"type":"light","uniforms":{"alpha":{"name":"alpha","value":1,"type":1},"mode":{"name":"mode","value":3,"type":1}}},{"type":"fresnel","uniforms":{"alpha":{"name":"alpha","value":1,"type":1},"mode":{"name":"mode","value":0,"type":1},"bias":{"name":"bias","value":0.1,"type":2},"scale":{"name":"scale","value":1,"type":1},"intensity":{"name":"intensity","value":2,"type":1},"factor":{"name":"factor","value":1,"type":1},"color":{"name":"color","value":16777215,"type":6}}}]}},{"material_6_Phong":{"extensions":{"KHR_materials_common":{"technique":"PHONG","values":{"ambient":[0.5607843137254902,0.4235294117647059,0.20392156862745098],"diffuse":[0.5607843137254902,0.4235294117647059,0.20392156862745098],"specular":[0.06666666666666667,0.06666666666666667,0.06666666666666667],"shininess":30,"emission":[0,0,0],"transparent":true,"transparency":1}}},"spe_options":{"side":2,"wireframe":false,"flatShading":false,"visible":true},"spe_layers":[{"type":"color","uniforms":{"alpha":{"name":"alpha","value":1,"type":1},"mode":{"name":"mode","value":0,"type":1},"color":{"name":"color","value":9399348,"type":6}}},{"type":"light","uniforms":{"alpha":{"name":"alpha","value":1,"type":1},"mode":{"name":"mode","value":3,"type":1}}},{"type":"fresnel","uniforms":{"alpha":{"name":"alpha","value":1,"type":1},"mode":{"name":"mode","value":0,"type":1},"bias":{"name":"bias","value":0.1,"type":2},"scale":{"name":"scale","value":1,"type":1},"intensity":{"name":"intensity","value":2,"type":1},"factor":{"name":"factor","value":1,"type":1},"color":{"name":"color","value":16777215,"type":6}}}]}},{"material_7_Phong":{"extensions":{"KHR_materials_common":{"technique":"PHONG","values":{"ambient":[0.7058823529411765,0.7058823529411765,0.7058823529411765],"diffuse":[0.7058823529411765,0.7058823529411765,0.7058823529411765],"specular":[0.06666666666666667,0.06666666666666667,0.06666666666666667],"shininess":20,"emission":[0,0,0],"transparent":true,"transparency":1}}},"spe_options":{"side":0,"wireframe":false,"flatShading":false,"visible":true},"spe_layers":[{"type":"color","uniforms":{"alpha":{"name":"alpha","value":1,"type":1},"mode":{"name":"mode","value":0,"type":1},"color":{"name":"color","value":11842740,"type":6}}},{"type":"light","uniforms":{"alpha":{"name":"alpha","value":1,"type":1},"mode":{"name":"mode","value":3,"type":1}}},{"type":"fresnel","uniforms":{"alpha":{"name":"alpha","value":1,"type":1},"mode":{"name":"mode","value":0,"type":1},"bias":{"name":"bias","value":0.1,"type":2},"scale":{"name":"scale","value":1,"type":1},"intensity":{"name":"intensity","value":2,"type":1},"factor":{"name":"factor","value":1,"type":1},"color":{"name":"color","value":16777215,"type":6}}}]}},{"material_8_Phong":{"extensions":{"KHR_materials_common":{"technique":"PHONG","values":{"ambient":[0.5019607843137255,0.5019607843137255,0.5019607843137255],"diffuse":[0.5019607843137255,0.5019607843137255,0.5019607843137255],"specular":[0.06666666666666667,0.06666666666666667,0.06666666666666667],"shininess":20,"emission":[0,0,0],"transparent":true,"transparency":1}}},"spe_options":{"side":0,"wireframe":false,"flatShading":false,"visible":true},"spe_layers":[{"type":"color","uniforms":{"alpha":{"name":"alpha","value":1,"type":1},"mode":{"name":"mode","value":0,"type":1},"color":{"name":"color","value":8421504,"type":6}}},{"type":"light","uniforms":{"alpha":{"name":"alpha","value":1,"type":1},"mode":{"name":"mode","value":3,"type":1}}},{"type":"fresnel","uniforms":{"alpha":{"name":"alpha","value":1,"type":1},"mode":{"name":"mode","value":0,"type":1},"bias":{"name":"bias","value":0.1,"type":2},"scale":{"name":"scale","value":1,"type":1},"intensity":{"name":"intensity","value":2,"type":1},"factor":{"name":"factor","value":1,"type":1},"color":{"name":"color","value":16777215,"type":6}}}]}},{"material_9_Phong":{"extensions":{"KHR_materials_common":{"technique":"PHONG","values":{"ambient":[0.7058823529411765,0.7058823529411765,0.7058823529411765],"diffuse":[0.7058823529411765,0.7058823529411765,0.7058823529411765],"specular":[0.06666666666666667,0.06666666666666667,0.06666666666666667],"shininess":20,"emission":[0,0,0],"transparent":true,"transparency":1}}},"spe_options":{"side":0,"wireframe":false,"flatShading":false,"visible":true},"spe_layers":[{"type":"color","uniforms":{"alpha":{"name":"alpha","value":1,"type":1},"mode":{"name":"mode","value":0,"type":1},"color":{"name":"color","value":11842740,"type":6}}},{"type":"light","uniforms":{"alpha":{"name":"alpha","value":1,"type":1},"mode":{"name":"mode","value":3,"type":1}}},{"type":"fresnel","uniforms":{"alpha":{"name":"alpha","value":1,"type":1},"mode":{"name":"mode","value":0,"type":1},"bias":{"name":"bias","value":0.1,"type":2},"scale":{"name":"scale","value":1,"type":1},"intensity":{"name":"intensity","value":2,"type":1},"factor":{"name":"factor","value":1,"type":1},"color":{"name":"color","value":16777215,"type":6}}}]}},{"material_10_Phong":{"extensions":{"KHR_materials_common":{"technique":"PHONG","values":{"ambient":[0.5019607843137255,0.5019607843137255,0.5019607843137255],"diffuse":[0.5019607843137255,0.5019607843137255,0.5019607843137255],"specular":[0.06666666666666667,0.06666666666666667,0.06666666666666667],"shininess":20,"emission":[0,0,0],"transparent":true,"transparency":1}}},"spe_options":{"side":0,"wireframe":false,"flatShading":false,"visible":true},"spe_layers":[{"type":"color","uniforms":{"alpha":{"name":"alpha","value":1,"type":1},"mode":{"name":"mode","value":0,"type":1},"color":{"name":"color","value":8421504,"type":6}}},{"type":"light","uniforms":{"alpha":{"name":"alpha","value":1,"type":1},"mode":{"name":"mode","value":3,"type":1}}},{"type":"fresnel","uniforms":{"alpha":{"name":"alpha","value":1,"type":1},"mode":{"name":"mode","value":0,"type":1},"bias":{"name":"bias","value":0.1,"type":2},"scale":{"name":"scale","value":1,"type":1},"intensity":{"name":"intensity","value":2,"type":1},"factor":{"name":"factor","value":1,"type":1},"color":{"name":"color","value":16777215,"type":6}}}]}},{"material_11_Basic":{"extensions":{"KHR_materials_common":{"technique":"CONSTANT","values":{"ambient":[0.34901960784313724,0.34901960784313724,0.34901960784313724],"transparent":true,"transparency":1}}},"spe_options":{"side":0,"wireframe":false,"flatShading":false,"visible":true},"spe_layers":[{"type":"color","uniforms":{"alpha":{"name":"alpha","value":1,"type":1},"mode":{"name":"mode","value":0,"type":1},"color":{"name":"color","value":16777215,"type":6}}},{"type":"light","uniforms":{"alpha":{"name":"alpha","value":1,"type":1},"mode":{"name":"mode","value":3,"type":1}}}]}},{"material_12_Phong":{"extensions":{"KHR_materials_common":{"technique":"PHONG","values":{"ambient":[0,0,0],"diffuse":[0,0,0],"specular":[0.06666666666666667,0.06666666666666667,0.06666666666666667],"shininess":30,"emission":[0,0,0],"transparent":true,"transparency":1}}},"spe_options":{"side":0,"wireframe":false,"flatShading":false,"visible":true},"spe_layers":[{"type":"color","uniforms":{"alpha":{"name":"alpha","value":1,"type":1},"mode":{"name":"mode","value":0,"type":1},"color":{"name":"color","value":0,"type":6}}},{"type":"light","uniforms":{"alpha":{"name":"alpha","value":1,"type":1},"mode":{"name":"mode","value":3,"type":1}}}]}},{"material_13_Basic":{"extensions":{"KHR_materials_common":{"technique":"CONSTANT","values":{"ambient":[0.34901960784313724,0.34901960784313724,0.34901960784313724],"transparent":true,"transparency":1}}},"spe_options":{"side":0,"wireframe":false,"flatShading":false,"visible":true},"spe_layers":[{"type":"color","uniforms":{"alpha":{"name":"alpha","value":1,"type":1},"mode":{"name":"mode","value":0,"type":1},"color":{"name":"color","value":16777215,"type":6}}},{"type":"light","uniforms":{"alpha":{"name":"alpha","value":1,"type":1},"mode":{"name":"mode","value":3,"type":1}}}]}},{"material_14_Phong":{"extensions":{"KHR_materials_common":{"technique":"PHONG","values":{"ambient":[0,0,0],"diffuse":[0,0,0],"specular":[0.06666666666666667,0.06666666666666667,0.06666666666666667],"shininess":30,"emission":[0,0,0],"transparent":true,"transparency":1}}},"spe_options":{"side":0,"wireframe":false,"flatShading":false,"visible":true},"spe_layers":[{"type":"color","uniforms":{"alpha":{"name":"alpha","value":1,"type":1},"mode":{"name":"mode","value":0,"type":1},"color":{"name":"color","value":0,"type":6}}},{"type":"light","uniforms":{"alpha":{"name":"alpha","value":1,"type":1},"mode":{"name":"mode","value":3,"type":1}}}]}},{"material_15_Phong":{"extensions":{"KHR_materials_common":{"technique":"PHONG","values":{"ambient":[0.7058823529411765,0.7058823529411765,0.7058823529411765],"diffuse":[0.7058823529411765,0.7058823529411765,0.7058823529411765],"specular":[0.06666666666666667,0.06666666666666667,0.06666666666666667],"shininess":20,"emission":[0,0,0],"transparent":true,"transparency":1}}},"spe_options":{"side":0,"wireframe":false,"flatShading":false,"visible":true},"spe_layers":[{"type":"color","uniforms":{"alpha":{"name":"alpha","value":1,"type":1},"mode":{"name":"mode","value":0,"type":1},"color":{"name":"color","value":11842740,"type":6}}},{"type":"light","uniforms":{"alpha":{"name":"alpha","value":1,"type":1},"mode":{"name":"mode","value":3,"type":1}}},{"type":"fresnel","uniforms":{"alpha":{"name":"alpha","value":1,"type":1},"mode":{"name":"mode","value":0,"type":1},"bias":{"name":"bias","value":0.1,"type":2},"scale":{"name":"scale","value":1,"type":1},"intensity":{"name":"intensity","value":2,"type":1},"factor":{"name":"factor","value":1,"type":1},"color":{"name":"color","value":16777215,"type":6}}}]}},{"material_16_Phong":{"extensions":{"KHR_materials_common":{"technique":"PHONG","values":{"ambient":[0.7058823529411765,0.7058823529411765,0.7058823529411765],"diffuse":[0.7058823529411765,0.7058823529411765,0.7058823529411765],"specular":[0.06666666666666667,0.06666666666666667,0.06666666666666667],"shininess":20,"emission":[0,0,0],"transparent":true,"transparency":1}}},"spe_options":{"side":0,"wireframe":false,"flatShading":false,"visible":true},"spe_layers":[{"type":"color","uniforms":{"alpha":{"name":"alpha","value":1,"type":1},"mode":{"name":"mode","value":0,"type":1},"color":{"name":"color","value":11842740,"type":6}}},{"type":"light","uniforms":{"alpha":{"name":"alpha","value":1,"type":1},"mode":{"name":"mode","value":3,"type":1}}},{"type":"fresnel","uniforms":{"alpha":{"name":"alpha","value":1,"type":1},"mode":{"name":"mode","value":0,"type":1},"bias":{"name":"bias","value":0.1,"type":2},"scale":{"name":"scale","value":1,"type":1},"intensity":{"name":"intensity","value":2,"type":1},"factor":{"name":"factor","value":1,"type":1},"color":{"name":"color","value":16777215,"type":6}}}]}},{"material_17_Phong":{"extensions":{"KHR_materials_common":{"technique":"PHONG","values":{"ambient":[0.7058823529411765,0.7058823529411765,0.7058