var SPLINE_EXPORTED_SCENE = {"scenes":[{"nodes":[0]}],"nodes":[{"children":[1,2,3,4,5,6,7,8,9,10,11,12,13,14,15,16,17,18,19,20,21,22,23,24,25,26,27,28,29,30,31,32,33,34,35,36,37,38,39,40,41,42,43,44,45,46,47,48,49,50,51,52,53,54,55,56,57,58,59,60,61,62,63,64,65,66,67,68,69,70,71,72,73,74,75,76,77,78,79,80,81,82,83,84,85,86,87,88,89,90,91,92,93,94,95,96,97,98,99,100,101,102,103,104,105,106,107,108,109,110,111,112,113,114,115,116,117,118,119,120,121,122,123,124,125,126,127,128,129,130,131,132,133,134,135,136,137,138,139,140,141,142,143,144,145,146,147,148,149,150,151,152,153,154,155,156,157,158,159]},{"mesh_spe":0,"material":0,"spe_interaction":0,"translation":[-594.3208215831507,-150,783.4338182195279],"rotation":[-0.7071067811865475,0,0,0.7071067811865476],"scale":[1,1,1],"visible":true,"castShadow":true,"receiveShadow":true,"hiddenMatrix":[1,0,0,0,0,1,0,0,0,0,1,0,0,0,0,1],"type":"mesh2d","uuid":"DEB79904-6A60-4AD4-8729-4A740A5DC125","spe_cloner_data":{}},{"spe_interaction":1,"camera":0,"translation":[0.000004394751610120503,-0.0000023674162017948263,1000],"rotation":[1.1837081008974135e-9,2.1973758050602518e-9,-2.6010515411657955e-18,1],"hiddenMatrix":[1,0,0,0,0,1,0,0,0,0,1,0,0,0,0,1],"visible":true,"uuid":"D9BA1839-41AB-4517-9938-2722FCCCB94B","children":[160]},{"visible":false,"extensions":{"KHR_lights_punctual":{"light":0}}},{"mesh_spe":1,"material":1,"spe_interaction":2,"translation":[5022.830000000002,487.24661774086235,-5627.9400000000005],"rotation":[0,-7.401486830834374e-17,0,1],"scale":[3.0000000000000004,3,3.0000000000000004],"visible":true,"castShadow":true,"receiveShadow":true,"hiddenMatrix":[-0.8746197071393963,0,-0.4848096202463378,0,0,1,0,0,0.4848096202463378,0,-0.8746197071393963,0,5936.748163947652,-526.755901328931,-5094.169108859949,1],"type":"mesh3d","uuid":"72B0A588-266D-4E09-A741-2F3211EE8833","spe_cloner_data":{}},{"mesh_spe":2,"material":2,"spe_interaction":3,"translation":[-6158.085603395649,488.18354559296034,439.6587499150753],"rotation":[0,2.312964634635743e-16,0,1],"scale":[2.9999999999999996,3,2.9999999999999996],"visible":true,"castShadow":true,"receiveShadow":true,"hiddenMatrix":[0.9986295347545753,0,-0.052335956242944306,0,0,1,0,0,0.052335956242944306,0,0.9986295347545753,0,5906.349602784843,-535.9674315188538,-2674.886235411238,1],"type":"mesh3d","uuid":"C80125AB-F61C-45E5-A365-46FC624C0E28","spe_cloner_data":{}},{"mesh_spe":3,"material":3,"spe_interaction":4,"translation":[2685.2290422500796,488.18354559295926,-6490.528141696101],"rotation":[0,-1.4802973661668748e-16,0,1],"scale":[3.0000000000000004,3,3.0000000000000004],"visible":true,"castShadow":true,"receiveShadow":true,"hiddenMatrix":[-0.3420201433256694,0,-0.9396926207859098,0,0,1,0,0,0.9396926207859098,0,-0.3420201433256694,0,6207.965538228134,-535.9667752662376,-1967.8653216816622,1],"type":"mesh3d","uuid":"9DA249DE-4F95-4B4C-B386-808B30A9AC5F","spe_cloner_data":{}},{"mesh_spe":4,"material":4,"spe_interaction":5,"translation":[-6688.2341284518025,488.1835455929596,489.3620690638859],"rotation":[0,-1.3877787807814463e-17,0,1],"scale":[2.9999999999999987,3,2.9999999999999987],"visible":true,"castShadow":true,"receiveShadow":true,"hiddenMatrix":[0.9986295347545753,0,-0.052335956242944306,0,0,1,0,0,0.052335956242944306,0,0.9986295347545753,0,5936.004430949351,-534.4670355136182,-2597.281276587867,1],"type":"mesh3d","uuid":"437D0FE3-E262-4916-BFA5-BC6AD1D34394","spe_cloner_data":{}},{"mesh_spe":5,"material":5,"spe_interaction":6,"translation":[3040.7896062039144,488.18354559295915,-6967.994112874646],"rotation":[0,-7.401486830834378e-17,0,1],"scale":[2.9999999999999996,3,2.9999999999999996],"visible":true,"castShadow":true,"receiveShadow":true,"hiddenMatrix":[-0.3420201433256694,0,-0.9396926207859098,0,0,1,0,0,0.9396926207859098,0,-0.3420201433256694,0,6414.723994346536,-532.9668859852084,-1556.8472053455162,1],"type":"mesh3d","uuid":"3755F3A6-442F-4CD9-984C-08733FDD5135","spe_cloner_data":{}},{"mesh_spe":6,"material":6,"spe_interaction":7,"translation":[3083.7231793335727,491.18376879783995,-2849.4979218041553],"rotation":[0,-3.700743415417188e-17,0,1],"scale":[3,3,3],"visible":true,"castShadow":true,"receiveShadow":true,"hiddenMatrix":[-0.5735764363510472,0,-0.8191520442889931,0,0,1,0,0,0.8191520442889931,0,-0.5735764363510472,0,4159.737536269968,-528.2176029504142,-1968.8720362782851,1],"type":"mesh3d","uuid":"AB83A191-19E6-4BC2-8B02-7D559D9D8158","spe_cloner_data":{}},{"mesh_spe":7,"material":7,"spe_interaction":8,"translation":[3601.9814373945405,488.18354559296034,4279.617382530256],"rotation":[0,1.4802973661668753e-16,0,1],"scale":[3,3,3],"visible":true,"castShadow":true,"receiveShadow":true,"hiddenMatrix":[-0.6156614753256593,0,0.7880107536067232,0,0,1,0,0,-0.7880107536067232,0,-0.6156614753256593,0,5094.953175077697,-523.7173797455367,-2788.869366060459,1],"type":"mesh3d","uuid":"C9F239E9-DB51-4BBA-9133-B3BA38DC3D1C","spe_cloner_data":{}},{"mesh_spe":8,"material":8,"spe_interaction":9,"translation":[1842.073247732477,2012.8138767283424,-3286.4314204397488],"rotation":[0,2.3129646346357454e-17,0,1],"scale":[2.999999999999997,3,2.999999999999997],"visible":true,"castShadow":true,"receiveShadow":true,"hiddenMatrix":[-0.9975640502598252,0,0.069756473744126,0,0,1,0,0,-0.069756473744126,0,-0.9975640502598252,0,1061.6654780238132,-1988.9335496794552,1030.9999418529171,1],"type":"mesh3d","uuid":"1F5C2CF5-6393-4CB4-8032-8E61EEA10922","spe_cloner_data":{}},{"mesh_spe":9,"material":9,"spe_interaction":10,"translation":[3588.878992190003,1680.900942756798,-2903.39690131676],"rotation":[0,1.850371707708596e-16,0,1],"scale":[2.9999999999999973,3,2.9999999999999973],"visible":true,"castShadow":true,"receiveShadow":true,"hiddenMatrix":[-0.5150380749100542,0,0.8571673007021124,0,0,1,0,0,-0.8571673007021124,0,-0.5150380749100542,0,-1021.6972139577989,-1652.7853678309696,-451.4219480008069,1],"type":"mesh3d","uuid":"33FFBB38-EDBF-4A24-BAC5-DCA1EF38A0B6","spe_cloner_data":{}},{"mesh_spe":10,"material":10,"spe_interaction":11,"translation":[-3246.2923694693736,1663.0026929434537,-1303.279437068377],"rotation":[0,2.3360942809820996e-16,0,1],"scale":[3.0000000000000004,3,3.0000000000000004],"visible":true,"castShadow":true,"receiveShadow":true,"hiddenMatrix":[-0.017452406437284438,0,-0.9998476951563922,0,0,1,0,0,0.9998476951563922,0,-0.017452406437284438,0,1395.0510032461793,-1661.9968980208923,-336.6101501557746,1],"type":"mesh3d","uuid":"7426C00A-C270-4176-AD4B-B8AB38F58F41","spe_cloner_data":{}},{"mesh_spe":11,"material":11,"spe_interaction":12,"translation":[3500.6831682087904,1663.002692943453,-3196.3806147567184],"rotation":[0,-5.551115123125783e-17,0,1],"scale":[3,3,3],"visible":true,"castShadow":true,"receiveShadow":true,"hiddenMatrix":[-0.9510565162951543,0,0.3090169943749483,0,0,1,0,0,-0.3090169943749483,0,-0.9510565162951543,0,2112.1674632826,-1661.9962417682761,-613.3676752732822,1],"type":"mesh3d","uuid":"8B1D0F15-43A4-4EE8-8EEA-21FA08524F16","spe_cloner_data":{}},{"mesh_spe":12,"material":12,"spe_interaction":13,"translation":[-3776.4408945255277,1663.0026929434523,-1253.5761179195667],"rotation":[0,0,0,1],"scale":[3.0000000000000004,3,3.0000000000000004],"visible":true,"castShadow":true,"receiveShadow":true,"hiddenMatrix":[-0.017452406437284438,0,-0.9998476951563922,0,0,1,0,0,0.9998476951563922,0,-0.017452406437284438,0,1473.6436258031904,-1660.4965020156567,-363.5385393956599,1],"type":"mesh3d","uuid":"EF60B302-2DBC-4753-9366-B4187FF88674","spe_cloner_data":{}},{"mesh_spe":13,"material":13,"spe_interaction":14,"translation":[3564.5182039367087,1663.0026929434532,-3921.7638575702886],"rotation":[0,-3.700743415417188e-17,0,1],"scale":[3,3,3],"visible":true,"castShadow":true,"receiveShadow":true,"hiddenMatrix":[-0.9510565162951543,0,0.3090169943749483,0,0,1,0,0,-0.3090169943749483,0,-0.9510565162951543,0,2309.195977644995,-1661.9964261637147,-552.641073605269,1],"type":"mesh3d","uuid":"862AAB4E-470F-4368-A75C-4F356093F8ED","spe_cloner_data":{}},{"mesh_spe":14,"material":14,"spe_interaction":15,"translation":[3856.2437321626294,1663.002692943453,-3673.8465859352577],"rotation":[0,-1.2952601953960153e-16,0,1],"scale":[3.0000000000000018,3,3.0000000000000018],"visible":true,"castShadow":true,"receiveShadow":true,"hiddenMatrix":[-0.9510565162951543,0,0.3090169943749483,0,0,1,0,0,-0.3090169943749483,0,-0.9510565162951543,0,2530.1509645451297,-1658.996352487247,-805.6558543308993,1],"type":"mesh3d","uuid":"7324029D-7F8A-4D91-8E5E-BD6B8924E1BF","spe_cloner_data":{}},{"mesh_spe":15,"material":15,"spe_interaction":16,"translation":[4021.3401541699104,1663.0026929434523,-681.1176737799651],"rotation":[0,-3.7007434154171895e-17,0,1],"scale":[2.999999999999999,3,2.999999999999999],"visible":true,"castShadow":true,"receiveShadow":true,"hiddenMatrix":[-0.8386705679454246,0,0.5446390350150282,0,0,1,0,0,-0.5446390350150282,0,-0.8386705679454246,0,2252.104633845986,-1652.7473917812208,1184.377049557156,1],"type":"mesh3d","uuid":"0E271819-CA18-4F2E-BDB6-3109260EED34","spe_cloner_data":{}},{"mesh_spe":16,"material":16,"spe_interaction":17,"translation":[3018.8032624017887,1666.0029161483317,543.4593082784088],"rotation":[0,-3.7007434154171895e-17,0,1],"scale":[2.999999999999999,3,2.999999999999999],"visible":true,"castShadow":true,"receiveShadow":true,"hiddenMatrix":[-0.8386705679454246,0,0.5446390350150282,0,0,1,0,0,-0.5446390350150282,0,-0.8386705679454246,0,2039.679235549001,-1654.2470694524527,1433.577467694613,1],"type":"mesh3d","uuid":"79F77E38-7889-48EE-9375-A41FF1E09188","spe_cloner_data":{}},{"mesh_spe":17,"material":17,"spe_interaction":18,"translation":[-73.46180654032537,1663.0026929434514,3640.587840592674],"rotation":[0,3.700743415417188e-17,0,1],"scale":[3,3,3],"visible":true,"castShadow":true,"receiveShadow":true,"hiddenMatrix":[0.766044443118979,0,0.6427876096865397,0,0,1,0,0,-0.6427876096865397,0,0.766044443118979,0,1584.4769882678252,-1652.746919924043,523.6170924132516,1],"type":"mesh3d","uuid":"F125C1AF-013C-495D-AFAB-7A45768072CA","spe_cloner_data":{}},{"mesh_spe":18,"material":18,"spe_interaction":19,"translation":[376.2610482712266,1663.0026929434528,3075.4287906886743],"rotation":[0,3.700743415417188e-17,0,1],"scale":[3,3,3],"visible":true,"castShadow":true,"receiveShadow":true,"hiddenMatrix":[0.766044443118979,0,0.6427876096865397,0,0,1,0,0,-0.6427876096865397,0,0.766044443118979,0,1252.8199810872416,-1649.7468462475754,470.31404287857526,1],"type":"mesh3d","uuid":"20A39F45-2422-4656-AB40-DD0638A65F4C","spe_cloner_data":{}},{"mesh_spe":19,"material":19,"spe_interaction":20,"translation":[1265.503165891445,837.9947293778501,-6066.706971189931],"rotation":[0,2.544261098099319e-17,0,1],"scale":[2.9999999999999964,3,2.9999999999999964],"visible":true,"castShadow":true,"receiveShadow":true,"hiddenMatrix":[-0.0697564737441252,0,0.9975640502598259,0,0,1,0,0,-0.9975640502598259,0,-0.0697564737441252,0,-7624.285127718073,-832.6632449801872,-2974.7313623613118,1],"type":"mesh3d","uuid":"AD565DD4-2AA2-4150-B787-313F22C50AFE","spe_cloner_data":{}},{"mesh_spe":20,"material":20,"spe_interaction":21,"translation":[6672.6124525781,837.9947293778524,3035.508879953997],"rotation":[0,-9.251858538542962e-17,0,1],"scale":[3.000000000000003,3.0000000000000018,3.000000000000003],"visible":true,"castShadow":true,"receiveShadow":true,"hiddenMatrix":[0.9743700647852368,0,-0.2249510543438653,0,0,1,0,0,0.2249510543438653,0,0.9743700647852368,0,-8362.793750783298,-832.662588727571,-2761.5278008933037,1],"type":"mesh3d","uuid":"EB1304CB-AFF1-4E3C-9A25-693AFE782179","spe_cloner_data":{}},{"mesh_spe":21,"material":21,"spe_interaction":22,"translation":[-678.3370234048903,506.08179540630675,8069.701289859142],"rotation":[0,3.3306690738754706e-16,0,1],"scale":[2.999999999999999,3,2.999999999999999],"visible":true,"castShadow":true,"receiveShadow":true,"hiddenMatrix":[-0.03489949670250127,0,-0.9993908270190964,0,0,1,0,0,0.9993908270190964,0,-0.03489949670250127,0,-9586.638405903701,-505.7650412285512,-1974.7473507394632,1],"type":"mesh3d","uuid":"3F46E402-DA24-4C1A-BC38-66062D6FC68B","spe_cloner_data":{}},{"mesh_spe":22,"material":22,"spe_interaction":23,"translation":[-6106.09712464744,506.0817954063065,-3584.672965046034],"rotation":[0,0,0,1],"scale":[2.9999999999999987,3,2.9999999999999987],"visible":true,"castShadow":true,"receiveShadow":true,"hiddenMatrix":[-0.9455185755993174,0,0.32556815445715687,0,0,1,0,0,-0.32556815445715687,0,-0.9455185755993174,0,-8874.461250990504,-505.764384975935,-2263.9781322688104,1],"type":"mesh3d","uuid":"E6BCAE6D-62A6-4C2C-86E3-37A2D03618E6","spe_cloner_data":{}},{"mesh_spe":23,"material":23,"spe_interaction":24,"translation":[-1583.959785262528,509.08201861118573,8151.31113315487],"rotation":[0,3.7007434154171876e-17,0,1],"scale":[3.000000000000001,3,3.000000000000001],"visible":true,"castShadow":true,"receiveShadow":true,"hiddenMatrix":[-0.03489949670250127,0,-0.9993908270190964,0,0,1,0,0,0.9993908270190964,0,-0.03489949670250127,0,-9690.837687451542,-507.26471889978313,-2285.1791596225576,1],"type":"mesh3d","uuid":"06BB6212-6A95-402D-B457-7FC5E2798719","spe_cloner_data":{}},{"mesh_spe":24,"material":24,"spe_interaction":25,"translation":[-1207.7409154108288,502.50112928181704,8575.669543703923],"rotation":[0,6.476300976980078e-17,0,1],"scale":[3.0000000000000013,3,3.0000000000000013],"visible":true,"castShadow":true,"receiveShadow":true,"hiddenMatrix":[-0.03489949670250127,0,-0.9993908270190964,0,0,1,0,0,0.9993908270190964,0,-0.03489949670250127,0,-9508.527718577494,-504.2646452233155,-2003.0432690470732,1],"type":"mesh3d","uuid":"D147BCB6-C906-4917-A236-7D905B374A2A","spe_cloner_data":{}},{"mesh_spe":25,"material":25,"spe_interaction":26,"translation":[-6710.381556282311,506.08179540630636,-4115.426064589198],"rotation":[0,0,0,1],"scale":[2.9999999999999987,3,2.9999999999999987],"visible":true,"castShadow":true,"receiveShadow":true,"hiddenMatrix":[-0.9455185755993174,0,0.32556815445715687,0,0,1,0,0,-0.32556815445715687,0,-0.9455185755993174,0,-8676.40291969131,-505.7645693713734,-2206.6994012687555,1],"type":"mesh3d","uuid":"20FB6298-1516-4509-BD89-2E2FACA41770","spe_cloner_data":{}},{"mesh_spe":26,"material":26,"spe_interaction":27,"translation":[-5967.594923860576,506.0817954063061,-4221.615491622326],"rotation":[0,-7.40148683083438e-17,0,1],"scale":[2.9999999999999987,3,2.9999999999999987],"visible":true,"castShadow":true,"receiveShadow":true,"hiddenMatrix":[-0.9455185755993174,0,0.32556815445715687,0,0,1,0,0,-0.32556815445715687,0,-0.9455185755993174,0,-8459.897302093763,-502.76449569490575,-2463.531842853502,1],"type":"mesh3d","uuid":"A78F6CD4-4C06-4E79-AD68-F69A42DBC842","spe_cloner_data":{}},{"mesh_spe":27,"material":27,"spe_interaction":28,"translation":[5535.64038042471,506.0817954063064,-4970.396005005947],"rotation":[0,3.700743415417191e-17,0,1],"scale":[2.9999999999999982,3,2.9999999999999982],"visible":true,"castShadow":true,"receiveShadow":true,"hiddenMatrix":[0.7771459614569712,0,0.6293203910498382,0,0,1,0,0,-0.6293203910498382,0,0.7771459614569712,0,-9382.228235911341,-496.51506313170177,-1117.9570642264646,1],"type":"mesh3d","uuid":"F8F458A4-0B55-4501-9231-DD2CF3E66354","spe_cloner_data":{}},{"mesh_spe":28,"material":28,"spe_interaction":29,"translation":[6810.293013579411,506.08179540630664,-5084.148415715395],"rotation":[0,3.700743415417191e-17,0,1],"scale":[2.9999999999999982,3,2.9999999999999982],"visible":true,"castShadow":true,"receiveShadow":true,"hiddenMatrix":[0.7771459614569712,0,0.6293203910498382,0,0,1,0,0,-0.6293203910498382,0,0.7771459614569712,0,-9714.76499660814,-493.5149894552341,-1165.4637825614295,1],"type":"mesh3d","uuid":"FEF9C69B-8582-4A56-9ABA-1EE08EB71671","spe_cloner_data":{}},{"mesh_spe":29,"material":29,"spe_interaction":30,"translation":[-5992.582302630324,488.18354559296034,-581.991144918673],"rotation":[0,2.324529457808922e-16,0,1],"scale":[2.9999999999999996,3,2.9999999999999996],"visible":true,"castShadow":true,"receiveShadow":true,"hiddenMatrix":[-0.9925461516413235,0,-0.12186934340514718,0,0,1,0,0,0.12186934340514718,0,-0.9925461516413235,0,-8932.187434962607,-505.72659332162453,-3495.206939978789,1],"type":"mesh3d","uuid":"79F74C21-528E-422F-A0A3-C69E0022DBB1","spe_cloner_data":{}},{"mesh_spe":30,"material":30,"spe_interaction":31,"translation":[3613.8492134267285,488.1835455929596,-6033.555026664298],"rotation":[0,-1.1102230246251565e-16,0,1],"scale":[2.9999999999999996,3,2.9999999999999996],"visible":true,"castShadow":true,"receiveShadow":true,"hiddenMatrix":[0.1736481776669308,0,0.9848077530122095,0,0,1,0,0,-0.9848077530122095,0,0.1736481776669308,0,-9106.448253377643,-505.72593706900835,-4243.861674906485,1],"type":"mesh3d","uuid":"02827B78-FCDA-45E0-8B5B-5CE4649B0E5C","spe_cloner_data":{}},{"mesh_spe":31,"material":31,"spe_interaction":32,"translation":[-7665.23524499008,491.1837687978392,52.57167601198125],"rotation":[0,2.3129646346357427e-18,0,1],"scale":[3,3,3],"visible":true,"castShadow":true,"receiveShadow":true,"hiddenMatrix":[-0.9925461516413235,0,-0.12186934340514718,0,0,1,0,0,0.12186934340514718,0,-0.9925461516413235,0,-9255.09767201281,-507.2262709928565,-3440.852758449695,1],"type":"mesh3d","uuid":"380A3F82-B595-4BF0-97D5-93BE94A96084","spe_cloner_data":{}},{"mesh_spe":32,"material":32,"spe_interaction":33,"translation":[-6522.730827686478,488.18354559295994,-532.2878257698621],"rotation":[0,3.469446951953616e-18,0,1],"scale":[2.9999999999999987,3,2.9999999999999987],"visible":true,"castShadow":true,"receiveShadow":true,"hiddenMatrix":[-0.9925461516413235,0,-0.12186934340514718,0,0,1,0,0,0.12186934340514718,0,-0.9925461516413235,0,-8947.915779975665,-504.22619731638883,-3576.782411970031,1],"type":"mesh3d","uuid":"ED3E2D02-0BA6-42D2-B77C-06CCA56B2DCD","spe_cloner_data":{}},{"mesh_spe":33,"material":33,"spe_interaction":34,"translation":[3677.684249154646,488.18354559295983,-6758.938269477871],"rotation":[0,-9.251858538542973e-17,0,1],"scale":[2.9999999999999996,3,2.9999999999999996],"visible":true,"castShadow":true,"receiveShadow":true,"hiddenMatrix":[0.1736481776669308,0,0.9848077530122095,0,0,1,0,0,-0.9848077530122095,0,0.1736481776669308,0,-9018.891569501251,-505.72612146444675,-4430.5212118462505,1],"type":"mesh3d","uuid":"B64E73AE-A0C2-44CD-A45E-3E5146DAF1BF","spe_cloner_data":{}},{"mesh_spe":34,"material":34,"spe_interaction":35,"translation":[3969.4097773805656,488.1835455929597,-6511.020997842839],"rotation":[0,-9.251858538542973e-17,0,1],"scale":[2.9999999999999996,3,2.9999999999999996],"visible":true,"castShadow":true,"receiveShadow":true,"hiddenMatrix":[0.1736481776669308,0,0.9848077530122095,0,0,1,0,0,-0.9848077530122095,0,0.1736481776669308,0,-9238.693037074012,-502.7260477879791,-4684.5387316249835,1],"type":"mesh3d","uuid":"FF41733E-36F0-4BDA-A3BB-52553BFD5F12","spe_cloner_data":{}},{"mesh_spe":35,"material":35,"spe_interaction":36,"translation":[4864.964931984144,488.18354559296,-3392.3281841666626],"rotation":[0,0,0,1],"scale":[3,3,3],"visible":true,"castShadow":true,"receiveShadow":true,"hiddenMatrix":[0.42261826174070033,0,0.9063077870366514,0,0,1,0,0,-0.9063077870366514,0,0.42261826174070033,0,-7306.723566662575,-496.4770870819529,-4132.239278456196,1],"type":"mesh3d","uuid":"AC067D1A-05F1-4C66-A8F1-B6A8D29D9027","spe_cloner_data":{}},{"mesh_spe":36,"material":36,"spe_interaction":37,"translation":[2150.7424928357027,488.18354559296006,5883.082339849212],"rotation":[0,0,0,1],"scale":[3,3,3],"visible":true,"castShadow":true,"receiveShadow":true,"hiddenMatrix":[0.7431448254773955,0,-0.6691306063588593,0,0,1,0,0,0.6691306063588593,0,0.7431448254773955,0,-7849.274624617327,-496.4764308293367,-3587.731156867074,1],"type":"mesh3d","uuid":"B8654E90-1DD1-4BB0-89E4-D44458D13958","spe_cloner_data":{}},{"mesh_spe":37,"material":37,"spe_interaction":38,"translation":[3862.4280402160193,491.1837687978394,-2167.7512021082907],"rotation":[0,0,0,1],"scale":[3,3,3],"visible":true,"castShadow":true,"receiveShadow":true,"hiddenMatrix":[0.42261826174070033,0,0.9063077870366514,0,0,1,0,0,-0.9063077870366514,0,0.42261826174070033,0,-7089.512251267671,-497.97676475318485,-3887.1991945802465,1],"type":"mesh3d","uuid":"FE457A49-DC5A-494D-A42E-54164A7DE2FE","spe_cloner_data":{}},{"mesh_spe":38,"material":38,"spe_interaction":39,"translation":[4801.253079218876,488.18354559296,-2463.3629786143824],"rotation":[0,0,0,1],"scale":[3,3,3],"visible":true,"castShadow":true,"receiveShadow":true,"hiddenMatrix":[0.42261826174070033,0,0.9063077870366514,0,0,1,0,0,-0.9063077870366514,0,0.42261826174070033,0,-7367.568737360882,-494.9766910767172,-4075.6724713151043,1],"type":"mesh3d","uuid":"2739DF7F-4C92-47BD-83E9-E0230F683F96","spe_cloner_data":{}},{"mesh_spe":39,"material":39,"spe_interaction":40,"translation":[2272.6296845235565,488.18354559295994,5240.031466648642],"rotation":[0,0,0,1],"scale":[3,3,3],"visible":true,"castShadow":true,"receiveShadow":true,"hiddenMatrix":[0.7431448254773955,0,-0.6691306063588593,0,0,1,0,0,0.6691306063588593,0,0.7431448254773955,0,-8053.968863047012,-496.4766152247751,-3563.068951456986,1],"type":"mesh3d","uuid":"CD7D2EAA-F8E3-4ACE-93BE-CBE1A8355285","spe_cloner_data":{}},{"mesh_spe":40,"material":40,"spe_interaction":41,"translation":[2722.35253933511,488.18354559296034,4674.872416744643],"rotation":[0,0,0,1],"scale":[3,3,3],"visible":true,"castShadow":true,"receiveShadow":true,"hiddenMatrix":[0.7431448254773955,0,-0.6691306063588593,0,0,1,0,0,0.6691306063588593,0,0.7431448254773955,0,-8152.91090511221,-493.47654154830747,-3242.0579581660295,1],"type":"mesh3d","uuid":"EFF0DE8C-9213-481A-9E86-DDF935A5BF79","spe_cloner_data":{}},{"mesh_spe":41,"material":41,"spe_interaction":42,"translation":[-4244.24449970543,156.27061162141467,4356.572208971999],"rotation":[0,1.850371707708596e-16,0,1],"scale":[2.9999999999999973,3,2.9999999999999973],"visible":true,"castShadow":true,"receiveShadow":true,"hiddenMatrix":[-0.5150380749100548,0,-0.8571673007021128,0,0,1,0,0,0.8571673007021128,0,-0.5150380749100548,0,-8538.234547206524,-169.5788833303169,-2306.265807481089,1],"type":"mesh3d","uuid":"81C5C904-523A-4338-93F8-CB357F64B232","spe_cloner_data":{}},{"mesh_spe":42,"material":42,"spe_interaction":43,"translation":[-1786.6367447443363,156.27061162141467,-5771.806749663762],"rotation":[0,1.8503717077085963e-16,0,1],"scale":[2.999999999999997,3,2.999999999999997],"visible":true,"castShadow":true,"receiveShadow":true,"hiddenMatrix":[-0.6691306063588587,0,0.7431448254773948,0,0,1,0,0,-0.7431448254773948,0,-0.6691306063588587,0,-8055.572237901769,-169.57822707770072,-2904.503084939568,1],"type":"mesh3d","uuid":"51CC047B-AB1B-482E-800B-E3B5923DF752","spe_cloner_data":{}},{"mesh_spe":43,"material":43,"spe_interaction":44,"translation":[-5916.897442065184,159.27083482629382,4875.868377393632],"rotation":[0,-2.9605947323337506e-16,0,1],"scale":[3,3,3],"visible":true,"castShadow":true,"receiveShadow":true,"hiddenMatrix":[-0.5150380749100548,0,-0.8571673007021128,0,0,1,0,0,0.8571673007021128,0,-0.5150380749100548,0,-8779.86961969503,-171.07856100154885,-2527.258771136023,1],"type":"mesh3d","uuid":"740E83EA-9665-4492-B4CD-02A2439F5492","spe_cloner_data":{}},{"mesh_spe":44,"material":44,"spe_interaction":45,"translation":[-4978.072403062327,156.27061162141464,4580.256600887543],"rotation":[0,-2.9605947323337506e-16,0,1],"scale":[3,3,3],"visible":true,"castShadow":true,"receiveShadow":true,"hiddenMatrix":[-0.5150380749100548,0,-0.8571673007021128,0,0,1,0,0,0.8571673007021128,0,-0.5150380749100548,0,-8483.635534142053,-168.0784873250812,-2368.882787924329,1],"type":"mesh3d","uuid":"D44917B0-9414-4274-9B15-E60955F3D8D6","spe_cloner_data":{}},{"mesh_spe":45,"material":45,"spe_interaction":46,"translation":[-1446.021829669799,156.27061162141467,-6497.189992477339],"rotation":[0,1.8503717077085963e-16,0,1],"scale":[2.999999999999997,3,2.999999999999997],"visible":true,"castShadow":true,"receiveShadow":true,"hiddenMatrix":[-0.6691306063588587,0,0.7431448254773948,0,0,1,0,0,-0.7431448254773948,0,-0.6691306063588587,0,-7854.577238360022,-169.5784114731391,-2950.4265623907695,1],"type":"mesh3d","uuid":"EED32E1B-8A53-4EA8-8E85-0D14277FA92F","spe_cloner_data":{}},{"mesh_spe":46,"material":46,"spe_interaction":47,"translation":[-1154.296301443884,156.27061162141464,-6249.272720842304],"rotation":[0,-3.7007434154171895e-17,0,1],"scale":[2.999999999999999,3,2.999999999999999],"visible":true,"castShadow":true,"receiveShadow":true,"hiddenMatrix":[-0.6691306063588587,0,0.7431448254773948,0,0,1,0,0,-0.7431448254773948,0,-0.6691306063588587,0,-7789.731996974461,-166.57833779667146,-3280.0212834821814,1],"type":"mesh3d","uuid":"811A86E9-958D-4462-9160-D9C266C63293","spe_cloner_data":{}},{"mesh_spe":47,"material":47,"spe_interaction":48,"translation":[-151.90053497718873,156.2706116214145,-4465.611478132507],"rotation":[0,-3.700743415417191e-17,0,1],"scale":[2.9999999999999982,3,2.9999999999999982],"visible":true,"castShadow":true,"receiveShadow":true,"hiddenMatrix":[-0.45399049973954725,0,0.8910065241883686,0,0,1,0,0,-0.8910065241883686,0,-0.45399049973954725,0,-7035.510730844942,-160.32937709064527,-1417.5790689986368,1],"type":"mesh3d","uuid":"23625870-47EC-4282-87E3-2F3195729FF8","spe_cloner_data":{}},{"mesh_spe":48,"material":48,"spe_interaction":49,"translation":[4643.917920291027,156.27061162141464,1399.2277000745996],"rotation":[0,4.62592926927149e-18,0,1],"scale":[2.9999999999999973,3,2.9999999999999973],"visible":true,"castShadow":true,"receiveShadow":true,"hiddenMatrix":[0.9848077530122088,0,0.1736481776669307,0,0,1,0,0,-0.1736481776669307,0,0.9848077530122088,0,-7798.616770863287,-160.32872083802908,-1509.8824635833244,1],"type":"mesh3d","uuid":"6A4D9165-D2F1-4663-AEA2-4371172CDD19","spe_cloner_data":{}},{"mesh_spe":49,"material":49,"spe_interaction":50,"translation":[-1154.4374267453154,159.27083482629362,-3241.034496074138],"rotation":[0,-3.700743415417191e-17,0,1],"scale":[2.9999999999999982,3,2.9999999999999982],"visible":true,"castShadow":true,"receiveShadow":true,"hiddenMatrix":[-0.45399049973954725,0,0.8910065241883686,0,0,1,0,0,-0.8910065241883686,0,-0.45399049973954725,0,-7094.8763131104315,-161.82905476187722,-1095.5524771094026,1],"type":"mesh3d","uuid":"F237C5E7-6BE2-42B0-9E92-4A588D9004AE","spe_cloner_data":{}},{"mesh_spe":50,"material":50,"spe_interaction":51,"translation":[-215.61238774245987,156.27061162141467,-3536.646272580228],"rotation":[0,-3.700743415417191e-17,0,1],"scale":[2.9999999999999982,3,2.9999999999999982],"visible":true,"castShadow":true,"receiveShadow":true,"hiddenMatrix":[-0.45399049973954725,0,0.8910065241883686,0,0,1,0,0,-0.8910065241883686,0,-0.45399049973954725,0,-7117.546010727882,-158.82898108540957,-1430.6997138749937,1],"type":"mesh3d","uuid":"03B44D11-7559-47AE-8078-B5FF0E880056","spe_cloner_data":{}},{"mesh_spe":51,"material":51,"spe_interaction":52,"translation":[4765.805111978879,156.27061162141464,756.1768268740311],"rotation":[0,4.62592926927149e-18,0,1],"scale":[2.9999999999999973,3,2.9999999999999973],"visible":true,"castShadow":true,"receiveShadow":true,"hiddenMatrix":[0.9848077530122088,0,0.1736481776669307,0,0,1,0,0,-0.1736481776669307,0,0.9848077530122088,0,-7944.073210756376,-160.32890523346748,-1656.0001548996959,1],"type":"mesh3d","uuid":"30E9B247-A188-44C7-9167-01686B900699","spe_cloner_data":{}},{"mesh_spe":52,"material":52,"spe_interaction":53,"translation":[5215.527966790431,156.2706116214148,191.01777697003172],"rotation":[0,4.62592926927149e-18,0,1],"scale":[2.9999999999999973,3,2.9999999999999973],"visible":true,"castShadow":true,"receiveShadow":true,"hiddenMatrix":[0.9848077530122088,0,0.1736481776669307,0,0,1,0,0,-0.1736481776669307,0,0.9848077530122088,0,-8257.948129085216,-157.32883155699983,-1536.3334463056128,1],"type":"mesh3d","uuid":"F1A5784A-1C28-4D26-BF71-56B305FB6B17","spe_cloner_data":{}},{"mesh_spe":53,"material":53,"spe_interaction":54,"translation":[-756.4509859837588,681.724117756437,3282.7825751177306],"rotation":[0,1.850371707708594e-17,0,1],"scale":[3,3,3],"visible":true,"castShadow":true,"receiveShadow":true,"hiddenMatrix":[-1.6653345369377348e-16,0,-1.0000000000000013,0,0,1,0,0,1.0000000000000013,0,-1.6653345369377348e-16,0,-6082.204697580128,-676.9653124303089,1959.5196488227227,1],"type":"mesh3d","uuid":"FB38B569-81A4-4EAE-AC31-3A11D5ABE155","spe_cloner_data":{}},{"mesh_spe":54,"material":54,"spe_interaction":55,"translation":[-1788.5495149878514,681.7241177564377,-1732.0478803224387],"rotation":[0,-1.1102230246251552e-16,0,1],"scale":[3.000000000000003,3.0000000000000027,3.000000000000003],"visible":true,"castShadow":true,"receiveShadow":true,"hiddenMatrix":[-0.9563047559630369,0,0.292371704722737,0,0,1,0,0,-0.292371704722737,0,-0.9563047559630369,0,-5360.367373041074,-676.9646561776927,1695.3196831402176,1],"type":"mesh3d","uuid":"388C0825-C079-4D4E-A8E6-913FEB5D6A87","spe_cloner_data":{}},{"mesh_spe":55,"material":55,"spe_interaction":56,"translation":[2181.9548372204576,349.811183784892,-432.1905682175538],"rotation":[0,2.9605947323337516e-16,0,1],"scale":[2.999999999999999,3,2.999999999999999],"visible":true,"castShadow":true,"receiveShadow":true,"hiddenMatrix":[0.10452846326765376,0,0.9945218953682738,0,0,1,0,0,-0.9945218953682738,0,0.10452846326765376,0,-4194.386971803875,-350.0671086786729,825.0847030677107,1],"type":"mesh3d","uuid":"F76E36F4-05BC-486B-85C5-3A7DFAED2BEB","spe_cloner_data":{}},{"mesh_spe":56,"material":56,"spe_interaction":57,"translation":[914.041019235648,349.81118378489197,1773.6969756846631],"rotation":[0,0,0,1],"scale":[2.9999999999999987,3,2.9999999999999987],"visible":true,"castShadow":true,"receiveShadow":true,"hiddenMatrix":[0.9205048534524407,0,-0.39073112848927394,0,0,1,0,0,0.39073112848927394,0,0.9205048534524407,0,-4884.653579543858,-350.06645242605674,1163.2898999578092,1],"type":"mesh3d","uuid":"DEAFD110-1FB9-4022-B411-2C8834455230","spe_cloner_data":{}},{"mesh_spe":57,"material":57,"spe_interaction":58,"translation":[1025.3975522993087,352.8114069897711,-975.4235078507253],"rotation":[0,9.251858538542968e-17,0,1],"scale":[3.0000000000000013,3,3.0000000000000013],"visible":true,"castShadow":true,"receiveShadow":true,"hiddenMatrix":[0.10452846326765376,0,0.9945218953682738,0,0,1,0,0,-0.9945218953682738,0,0.10452846326765376,0,-4068.786886143152,-351.5667863499049,1127.491741219165,1],"type":"mesh3d","uuid":"5BA8C778-A07A-4585-9267-7C5410F32159","spe_cloner_data":{}},{"mesh_spe":58,"material":58,"spe_interaction":59,"translation":[1401.6164221510103,349.81118378489214,-551.0650973016709],"rotation":[0,1.2952601953960153e-16,0,1],"scale":[3.0000000000000018,3,3.0000000000000018],"visible":true,"castShadow":true,"receiveShadow":true,"hiddenMatrix":[0.10452846326765376,0,0.9945218953682738,0,0,1,0,0,-0.9945218953682738,0,0.10452846326765376,0,-4270.333561939095,-348.5667126734372,858.7604200500779,1],"type":"mesh3d","uuid":"38D75AA9-D785-4B83-8EC5-ACCD93A32E87","spe_cloner_data":{}},{"mesh_spe":59,"material":59,"spe_interaction":60,"translation":[1254.6559343101862,349.811183784892,1048.3137328710877],"rotation":[0,0,0,1],"scale":[2.9999999999999987,3,2.9999999999999987],"visible":true,"castShadow":true,"receiveShadow":true,"hiddenMatrix":[0.9205048534524407,0,-0.39073112848927394,0,0,1,0,0,0.39073112848927394,0,0.9205048534524407,0,-5086.2250129974855,-350.06663682149514,1119.966547854728,1],"type":"mesh3d","uuid":"77845D21-E825-4629-AA1B-C8DD42C0B2D5","spe_cloner_data":{}},{"mesh_spe":60,"material":60,"spe_interaction":61,"translation":[1546.3814625361013,349.81118378489197,1296.2310045061186],"rotation":[0,-3.70074341541719e-17,0,1],"scale":[2.9999999999999987,3,2.9999999999999987],"visible":true,"castShadow":true,"receiveShadow":true,"hiddenMatrix":[0.9205048534524407,0,-0.39073112848927394,0,0,1,0,0,0.39073112848927394,0,0.9205048534524407,0,-5284.287508324053,-347.0665631450275,1391.2760269495268,1],"type":"mesh3d","uuid":"3BF108E9-92CC-448B-89AC-7546C65614AE","spe_cloner_data":{}},{"mesh_spe":61,"material":61,"spe_interaction":62,"translation":[503.83379672350134,349.8111837848922,3521.7722825448263],"rotation":[0,3.700743415417188e-17,0,1],"scale":[3,3,3],"visible":true,"castShadow":true,"receiveShadow":true,"hiddenMatrix":[0.7880107536067227,0,-0.6156614753256586,0,0,1,0,0,0.6156614753256586,0,0.7880107536067227,0,-5180.742023688343,-340.8176024390013,-615.4175354022191,1],"type":"mesh3d","uuid":"15B6D8BB-9494-44EC-B3CC-B26D823D4A40","spe_cloner_data":{}},{"mesh_spe":62,"material":62,"spe_interaction":63,"translation":[-3064.2861304633248,349.81118378489214,-952.0263194562922],"rotation":[0,0,0,1],"scale":[3.000000000000001,3,3.000000000000001],"visible":true,"castShadow":true,"receiveShadow":true,"hiddenMatrix":[-0.8191520442889921,0,-0.5735764363510467,0,0,1,0,0,0.5735764363510467,0,-0.8191520442889921,0,-4458.065878021118,-340.8171305818235,-15.359552713367293,1],"type":"mesh3d","uuid":"F47EB2A8-079E-4310-B8CB-BC04FAC2DB69","spe_cloner_data":{}},{"mesh_spe":63,"material":63,"spe_interaction":64,"translation":[-2352.486009579458,349.8111837848921,-1218.3362974259308],"rotation":[0,0,0,1],"scale":[3.000000000000001,3,3.000000000000001],"visible":true,"castShadow":true,"receiveShadow":true,"hiddenMatrix":[-0.8191520442889921,0,-0.5735764363510467,0,0,1,0,0,0.5735764363510467,0,-0.8191520442889921,0,-4123.0252590099335,-337.81705690535586,8.834849826909931,1],"type":"mesh3d","uuid":"8299CC3D-1834-493A-9DF5-CCC856CE0CD9","spe_cloner_data":{}},{"mesh_spe":64,"material":64,"spe_interaction":65,"translation":[3429.9805091969306,331.9129339715454,682.7714752166933],"rotation":[0,2.3592239273284567e-16,0,1],"scale":[3.0000000000000013,3,3.0000000000000013],"visible":true,"castShadow":true,"receiveShadow":true,"hiddenMatrix":[0.9986295347545753,0,0.052335956242943446,0,0,1,0,0,-0.052335956242943446,0,0.9986295347545753,0,-4741.181833656571,-350.0286607717463,2387.4927211369513,1],"type":"mesh3d","uuid":"24087101-21D5-4F95-88A5-97700F081EED","spe_cloner_data":{}},{"mesh_spe":65,"material":65,"spe_interaction":66,"translation":[-517.089878872288,331.9129339715454,2641.2065080197112],"rotation":[0,-1.2952601953960158e-16,0,1],"scale":[3.0000000000000004,3,3.0000000000000004],"visible":true,"castShadow":true,"receiveShadow":true,"hiddenMatrix":[-0.2419218955996682,0,-0.9702957262759977,0,0,1,0,0,0.9702957262759977,0,-0.2419218955996682,0,-4515.121991476476,-350.0280045191301,3122.1679505532193,1],"type":"mesh3d","uuid":"9B2EC032-AD8C-4605-ABA4-CE02032D5485","spe_cloner_data":{}},{"mesh_spe":66,"material":66,"spe_interaction":67,"translation":[1757.3275668371753,334.9131571764246,1202.0676436383264],"rotation":[0,0,0,1],"scale":[3.0000000000000018,3,3.0000000000000018],"visible":true,"castShadow":true,"receiveShadow":true,"hiddenMatrix":[0.9986295347545753,0,0.052335956242943446,0,0,1,0,0,-0.052335956242943446,0,0.9986295347545753,0,-4422.8497457511285,-351.5283384429782,2310.745864189728,1],"type":"mesh3d","uuid":"28744A17-D9D6-4DD2-8355-F204301462CE","spe_cloner_data":{}},{"mesh_spe":67,"material":67,"spe_interaction":68,"translation":[2696.152605840032,331.91293397154544,906.4558671322361],"rotation":[0,0,0,1],"scale":[3.0000000000000018,3,3.0000000000000018],"visible":true,"castShadow":true,"receiveShadow":true,"hiddenMatrix":[0.9986295347545753,0,0.052335956242943446,0,0,1,0,0,-0.052335956242943446,0,0.9986295347545753,0,-4719.8013848313385,-348.5282647665106,2467.7723254924476,1],"type":"mesh3d","uuid":"4E799A32-BD32-4923-A245-DBA01BB7730E","spe_cloner_data":{}},{"mesh_spe":68,"material":68,"spe_interaction":69,"translation":[-176.4749637977493,331.91293397154556,1915.8232652061342],"rotation":[0,-1.2952601953960158e-16,0,1],"scale":[3.0000000000000004,3,3.0000000000000004],"visible":true,"castShadow":true,"receiveShadow":true,"hiddenMatrix":[-0.2419218955996682,0,-0.9702957262759977,0,0,1,0,0,0.9702957262759977,0,-0.2419218955996682,0,-4589.444680583899,-350.0281889145685,3314.480439762421,1],"type":"mesh3d","uuid":"23DBA7FD-936B-4896-A8CB-89D76B93B762","spe_cloner_data":{}},{"mesh_spe":69,"material":69,"spe_interaction":70,"translation":[115.25056442816367,331.9129339715454,2163.7405368411673],"rotation":[0,-1.4802973661668758e-16,0,1],"scale":[2.999999999999999,3,2.999999999999999],"visible":true,"castShadow":true,"receiveShadow":true,"hiddenMatrix":[-0.2419218955996682,0,-0.9702957262759977,0,0,1,0,0,0.9702957262759977,0,-0.2419218955996682,0,-4352.45927188997,-347.02811523810084,3552.5466103281897,1],"type":"mesh3d","uuid":"F7220E76-EC14-4E3F-B0D7-4291FCD2CCD0","spe_cloner_data":{}},{"mesh_spe":70,"material":70,"spe_interaction":71,"translation":[-1103.0604873355164,331.9129339715452,3989.3182119141898],"rotation":[0,0,0,1],"scale":[3,3,3],"visible":true,"castShadow":true,"receiveShadow":true,"hiddenMatrix":[-0.4848096202463379,0,-0.874619707139397,0,0,1,0,0,0.874619707139397,0,-0.4848096202463379,0,-6318.249024075794,-340.77915453207464,3136.359908506055,1],"type":"mesh3d","uuid":"28A31199-2D84-4AB1-84A9-AFAA1DA37595","spe_cloner_data":{}},{"mesh_spe":71,"material":71,"spe_interaction":72,"translation":[-3163.479296898703,331.91293397154544,-1982.3532928370737],"rotation":[0,3.700743415417188e-17,0,1],"scale":[3,3,3],"visible":true,"castShadow":true,"receiveShadow":true,"hiddenMatrix":[-0.6946583704589984,0,0.7193398003386522,0,0,1,0,0,-0.7193398003386522,0,-0.6946583704589984,0,-5815.002559716793,-340.77849827945846,2555.3317327051736,1],"type":"mesh3d","uuid":"63B8E587-3F66-44B9-9CC7-CFD02E7D9BFE","spe_cloner_data":{}},{"mesh_spe":72,"material":72,"spe_interaction":73,"translation":[-2105.5973791036436,334.91315717642436,5213.895193972561],"rotation":[0,0,0,1],"scale":[3,3,3],"visible":true,"castShadow":true,"receiveShadow":true,"hiddenMatrix":[-0.4848096202463379,0,-0.874619707139397,0,0,1,0,0,0.874619707139397,0,-0.4848096202463379,0,-6552.024355800549,-342.2788322033066,2907.0686253780277,1],"type":"mesh3d","uuid":"6C2E52B7-2AEA-4560-9CAC-CCD98D23377E","spe_cloner_data":{}},{"mesh_spe":73,"material":73,"spe_interaction":74,"translation":[-1166.7723401007872,331.9129339715452,4918.283417466469],"rotation":[0,0,0,1],"scale":[3,3,3],"visible":true,"castShadow":true,"receiveShadow":true,"hiddenMatrix":[-0.4848096202463379,0,-0.874619707139397,0,0,1,0,0,0.874619707139397,0,-0.4848096202463379,0,-6261.497970152367,-339.27875852683894,3075.686550711848,1],"type":"mesh3d","uuid":"F97FAD84-B3B7-47A3-B16D-FC9E5C189413","spe_cloner_data":{}},{"mesh_spe":74,"material":74,"spe_interaction":75,"translation":[-3041.5921052108506,331.9129339715452,-2625.404166037644],"rotation":[0,3.700743415417188e-17,0,1],"scale":[3,3,3],"visible":true,"castShadow":true,"receiveShadow":true,"hiddenMatrix":[-0.6946583704589984,0,0.7193398003386522,0,0,1,0,0,-0.7193398003386522,0,-0.6946583704589984,0,-5612.527294648187,-340.77868267489686,2516.4508549193524,1],"type":"mesh3d","uuid":"EDF6DE03-8D29-4687-BBB2-2D99EF1742E6","spe_cloner_data":{}},{"mesh_spe":75,"material":75,"spe_interaction":76,"translation":[-2591.869250399297,331.9129339715457,-3190.5632159416423],"rotation":[0,3.700743415417188e-17,0,1],"scale":[3,3,3],"visible":true,"castShadow":true,"receiveShadow":true,"hiddenMatrix":[-0.6946583704589984,0,0.7193398003386522,0,0,1,0,0,-0.7193398003386522,0,-0.6946583704589984,0,-5536.218865349728,-337.7786089984292,2189.3199803145853,1],"type":"mesh3d","uuid":"6E83B5F6-0B23-4F02-BB1C-76AA9B9FA866","spe_cloner_data":{}},{"mesh_spe":76,"material":76,"spe_interaction":77,"translation":[2462.679606089948,1.7763568394002505e-15,-2360.8082299729413],"rotation":[0,2.5905203907920326e-16,0,1],"scale":[2.999999999999999,3,2.999999999999999],"visible":true,"castShadow":true,"receiveShadow":true,"hiddenMatrix":[0.5735764363510466,0,0.819152044288992,0,0,1,0,0,-0.819152044288992,0,0.5735764363510466,0,-5217.1114128704685,-13.880950780438639,1228.9285537532216,1],"type":"mesh3d","uuid":"FA255BB0-D8D3-4F83-8616-8110D925E97F","spe_cloner_data":{}},{"mesh_spe":77,"material":77,"spe_intera